3.89501e-005
1.92039e-008
3.89501e-005
0.000493039
0.000493039
3.07706e-006
3.07706e-006
3.07706e-006
1.51711e-009
3.07706e-006
1.51711e-009
7.47994e-013
0.079
0.006241
3.07706e-006
0.000493039
0.079
1.92039e-008
3.07706e-006
2.43087e-007
1.19852e-010
0.006241
3.07706e-006
7.47994e-013
7.47994e-013
0.079
2.43087e-007
2.43087e-007
1.19852e-010
1.13479e-021
3.07706e-006
0.079
0.006241
2.43087e-007
2.43087e-007
7.47994e-013
5.90915e-014
7.47994e-013
1.19852e-010
9.46828e-012
1.19852e-010
7.47994e-013
1.92039e-008
2.43087e-007
7.47994e-013
5.59495e-025
1.13479e-021
2.91344e-017
1.13479e-021
1.81828e-019
2.91344e-017
1.19852e-010
0.000493039
0.079
3.89501e-005
0.079
0.000493039
9.46828e-012
7.47994e-013
5.90915e-014
2.30162e-018
4.66823e-015
2.43087e-007
1.92039e-008
2.43087e-007
7.47994e-013
9.46828e-012
5.90915e-014
0.006241
1.19852e-010
1.19852e-010
2.43087e-007
7.47994e-013
4.66823e-015
3.6879e-016
3.6879e-016
1.92039e-008
5.90915e-014
1.81828e-019
1.51711e-009
1.51711e-009
5.90915e-014
0.000493039
1.51711e-009
4.66823e-015
2.30162e-018
1.19852e-010
0.000493039
3.89501e-005
1.92039e-008
1.51711e-009
1.19852e-010
0.079
1.43644e-020
2.17924e-029
1.19852e-010
1.51711e-009
3.07706e-006
2.43087e-007
1.51711e-009
4.66823e-015
9.46828e-012
1.51711e-009
3.89501e-005
1.19852e-010
1.51711e-009
7.47994e-013
2.43087e-007
0.000493039
0.000493039
1.51711e-009
3.07706e-006
4.66823e-015
7.47994e-013
2.91344e-017
1.13479e-021
2.30162e-018
3.49181e-027
9.46828e-012
8.96483e-023
2.30162e-018
2.30162e-018
4.42001e-026
1.13479e-021
1.43644e-020
5.59495e-025
5.59495e-025
7.08221e-024
4.42001e-026
2.30162e-018
4.66823e-015
5.90915e-014
4.42001e-026
1.81828e-019
2.30162e-018
1.13479e-021
1.7216e-030
3.49181e-027
4.42001e-026
2.30162e-018
1.19852e-010
9.46828e-012
5.59495e-025
4.66823e-015
2.91344e-017
7.47994e-013
1.43644e-020
1.92039e-008
1.81828e-019
3.6879e-016
4.66823e-015
1.43644e-020
2.91344e-017
1.43644e-020
1.19852e-010
1.43644e-020
2.91344e-017
7.47994e-013
3.49181e-027
1.81828e-019
9.46828e-012
1.7216e-030
8.96483e-023
7.08221e-024
2.91344e-017
9.46828e-012
3.89501e-005
1.51711e-009
7.08221e-024
2.91344e-017
7.47994e-013
5.90915e-014
4.66823e-015
4.42001e-026
2.91344e-017
2.30162e-018
2.17924e-029
3.6879e-016
1.81828e-019
1.43644e-020
4.66823e-015
5.90915e-014
1.92039e-008
1.43644e-020
7.08221e-024
4.66823e-015
9.46828e-012
2.91344e-017
1.19852e-010
1.19852e-010
1.13479e-021
9.46828e-012
3.6879e-016
4.66823e-015
4.66823e-015
1.81828e-019
4.66823e-015
8.96483e-023
1.19852e-010
2.91344e-017
2.91344e-017
9.46828e-012
1.81828e-019
1.43644e-020
1.81828e-019
1.81828e-019
4.66823e-015
2.30162e-018
1.43644e-020
7.08221e-024
1.36006e-031
3.6879e-016
1.13479e-021
4.66823e-015
8.96483e-023
8.48814e-034
2.30162e-018
1.92039e-008
3.6879e-016
8.96483e-023
3.49181e-027
1.81828e-019
2.30162e-018
7.47994e-013
2.91344e-017
2.91344e-017
7.47994e-013
1.19852e-010
5.29745e-036
3.49181e-027
2.91344e-017
7.08221e-024
4.66823e-015
5.59495e-025
3.6879e-016
1.43644e-020
5.59495e-025
5.90915e-014
3.30614e-038
1.03494e-086
3.36339e-081
4.42001e-026
7.47994e-013
1.81828e-019
8.96483e-023
1.43644e-020
7.47994e-013
2.75853e-028
4.42001e-026
2.91344e-017
1.81828e-019
5.59495e-025
7.08221e-024
9.46828e-012
3.07706e-006
4.66823e-015
1.81828e-019
4.66823e-015
3.49181e-027
7.08221e-024
1.13479e-021
1.81828e-019
2.17924e-029
1.81828e-019
8.96483e-023
8.96483e-023
2.75853e-028
1.13479e-021
2.06336e-040
4.66823e-015
3.07706e-006
2.30162e-018
1.81828e-019
2.91344e-017
2.30162e-018
9.46828e-012
8.96483e-023
1.43644e-020
7.47994e-013
1.81828e-019
1.92039e-008
1.92039e-008
3.6879e-016
7.47994e-013
1.51711e-009
1.81828e-019
1.51711e-009
5.90915e-014
9.46828e-012
4.66823e-015
1.81828e-019
2.30162e-018
9.46828e-012
2.43087e-007
4.42001e-026
6.70563e-035
1.81828e-019
4.42001e-026
5.59495e-025
2.30162e-018
1.13479e-021
7.08221e-024
1.51711e-009
7.47994e-013
2.43087e-007
2.43087e-007
1.51711e-009
1.51711e-009
1.13479e-021
3.6879e-016
7.47994e-013
5.90915e-014
1.92039e-008
0.000493039
3.6879e-016
2.75853e-028
4.42001e-026
5.90915e-014
2.30162e-018
9.46828e-012
3.6879e-016
2.91344e-017
1.81828e-019
8.96483e-023
9.46828e-012
9.46828e-012
7.47994e-013
1
4.42001e-026
2.17924e-029
7.08221e-024
2.30162e-018
5.59495e-025
1.43644e-020
2.91344e-017
2.30162e-018
8.96483e-023
8.96483e-023
2.30162e-018
4.42001e-026
