5
3
5
12
4
7
6
11
12
9
16
13
3
5
9
8
3
15
8
16
11
2
9
22
14
6
9
15
6
19
8
6
1
7
11
7
8
17
22
19
14
7
5
5
12
36
23
25
29
24
27
32
3
4
4
2
7
15
18
24
27
11
16
16
12
13
9
11
9
12
14
14
14
12
16
32
21
20
14
13
13
15
4
8
26
9
11
7
8
10
8
12
8
18
37
11
13
10
14
8
23
10
12
7
20
10
6
8
4
11
21
35
24
14
22
18
20
25
12
20
22
15
27
14
9
6
17
9
18
6
14
15
10
6
11
12
26
21
13
25
33
30
11
25
20
28
18
20
26
14
6
8
12
7
8
8
27
24
26
31
21
24
32
25
29
15
3
11
29
37
31
27
24
28
16
18
29
30
22
29
27
52
10
24
23
33
29
21
17
15
35
22
27
27
24
16
34
26
18
22
29
17
35
31
30
27
46
27
25
14
17
14
35
18
31
36
28
20
25
35
43
52
30
32
18
34
30
14
31
28
10
22
17
37
20
22
25
38
18
16
25
27
17
21
26
21
21
36
17
25
43
43
14
28
19
19
16
24
24
26
15
22
25
13
16
15
17
41
17
17
21
14
20
25
30
24
13
25
27
20
24
48
24
8
11
10
12
9
8
6
12
15
14
7
12
27
16
11
20
14
16
11
13
8
5
5
4
6
6
10
6
13
6
12
12
31
21
10
15
18
8
25
16
19
9
13
16
0
20
22
10
12
16
12
12
10
25
8
21
33
