20
11
26
23
17
18
16
12
10
11
8
11
17
21
32
32
32
35
20
16
16
26
18
9
14
9
16
29
22
6
12
26
22
9
15
12
20
10
26
28
5
6
13
10
9
4
9
10
8
9
9
10
24
29
53
36
49
20
3
14
17
14
8
19
16
7
8
24
17
14
8
24
9
5
5
8
26
10
13
10
8
12
10
11
9
10
13
25
23
10
26
10
4
12
1
9
23
14
20
7
2
10
10
13
17
16
12
7
20
20
24
19
9
6
15
11
19
5
8
5
10
5
2
4
3
5
11
3
3
4
3
6
2
10
5
2
1
2
2
3
6
12
12
11
4
14
5
16
8
9
5
4
7
8
3
12
8
5
4
9
10
7
7
4
8
9
17
12
11
7
4
8
18
5
9
7
2
3
8
4
17
17
16
15
10
13
15
7
14
13
9
10
9
7
18
10
10
12
12
5
9
11
3
3
13
10
11
5
7
12
7
5
11
9
5
4
6
22
16
2
4
10
5
13
8
6
14
5
1
4
4
7
6
3
5
6
5
21
10
0
0
4
10
6
2
11
12
8
11
14
8
2
3
7
16
13
10
12
7
6
13
4
7
8
2
3
2
7
6
24
7
9
11
15
8
11
10
22
17
10
13
8
10
13
14
8
10
12
11
10
10
9
9
10
3
0
4
5
2
7
6
4
17
25
35
27
31
20
8
9
7
7
14
13
13
7
1
4
2
8
9
6
8
3
6
4
9
0
3
4
5
6
6
3
3
4
5
4
2
0
