4.45925e-010
4.97046e-013
4.14799e-008
4.45925e-010
4.30081e-009
1.24243e-006
4.45925e-010
1.2882e-007
4.30081e-009
1.43588e-010
4.79386e-012
1.33565e-008
5.54028e-016
1.2882e-007
4.00061e-007
1.33565e-008
1.43588e-010
1.48878e-011
1.33565e-008
4.14799e-008
1.43588e-010
1.48878e-011
4.30081e-009
4.62353e-011
4.45925e-010
4.45925e-010
1.43588e-010
1.38486e-009
4.30081e-009
3.85847e-006
1.33565e-008
1.43588e-010
1.48878e-011
4.14799e-008
1.43588e-010
1.19828e-005
4.45925e-010
3.85847e-006
4.45925e-010
4.30081e-009
4.45925e-010
4.45925e-010
4.14799e-008
4.30081e-009
4.30081e-009
0.00011557
3.85847e-006
1.38486e-009
4.00061e-007
1.33565e-008
1.24243e-006
1.2882e-007
1.24243e-006
4.00061e-007
0.00346162
3.72137e-005
1.24243e-006
4.00061e-007
3.85847e-006
1.19828e-005
1.19828e-005
3.72137e-005
0.00011557
4.00061e-007
1.48878e-011
4.00061e-007
4.14799e-008
4.97046e-013
4.30081e-009
1.19828e-005
3.85847e-006
4.30081e-009
3.85847e-006
1.38486e-009
3.85847e-006
4.14799e-008
1.38486e-009
4.45925e-010
4.14799e-008
1.38486e-009
4.30081e-009
4.30081e-009
1.48878e-011
1.19828e-005
1.24243e-006
1.33565e-008
1.38486e-009
1.2882e-007
4.62353e-011
4.00061e-007
1.43588e-010
1.33565e-008
0.000358915
4.14799e-008
0.00111464
1.2882e-007
1.33565e-008
1.24243e-006
1.43588e-010
1.24243e-006
3.72137e-005
1.38486e-009
1.33565e-008
1.33565e-008
4.30081e-009
4.14799e-008
1.38486e-009
1.2882e-007
1.38486e-009
1.48878e-011
1.2882e-007
4.30081e-009
4.14799e-008
1.43588e-010
4.45925e-010
4.14799e-008
4.30081e-009
1.24243e-006
1.43588e-010
1.2882e-007
1.33565e-008
4.30081e-009
3.85847e-006
1.2882e-007
4.79386e-012
1.60049e-013
3.85847e-006
4.45925e-010
3.85847e-006
4.97046e-013
1.43588e-010
1.2882e-007
1.43588e-010
1.2882e-007
1.33565e-008
1.24243e-006
1.33565e-008
1.24243e-006
1.43588e-010
1.33565e-008
1.38486e-009
1.38486e-009
1.19828e-005
4.30081e-009
4.30081e-009
1.38486e-009
1.19828e-005
1.48878e-011
1.2882e-007
1.19828e-005
1.48878e-011
1.38486e-009
4.45925e-010
1.48878e-011
4.30081e-009
4.00061e-007
4.14799e-008
1.33565e-008
1.19828e-005
1.38486e-009
1.24243e-006
3.85847e-006
1.2882e-007
0.00011557
4.14799e-008
4.00061e-007
3.85847e-006
1.2882e-007
3.72137e-005
1.48878e-011
0.00011557
4.45925e-010
1.2882e-007
1.24243e-006
4.30081e-009
1.38486e-009
1.19828e-005
3.85847e-006
4.00061e-007
3.85847e-006
3.85847e-006
1.19828e-005
4.45925e-010
4.30081e-009
3.85847e-006
4.14799e-008
1.43588e-010
1.33565e-008
4.45925e-010
4.62353e-011
1.24243e-006
1.38486e-009
1.33565e-008
1.48878e-011
1.38486e-009
3.72137e-005
1.19828e-005
3.85847e-006
4.14799e-008
0.00011557
1.24243e-006
4.00061e-007
1.2882e-007
1.2882e-007
4.62353e-011
1.2882e-007
3.85847e-006
4.30081e-009
4.30081e-009
0.000358915
1.33565e-008
1.43588e-010
1.2882e-007
4.14799e-008
0.00011557
1.19828e-005
4.14799e-008
1.33565e-008
3.85847e-006
1.54362e-012
1.24243e-006
3.85847e-006
4.14799e-008
1.24243e-006
1.2882e-007
1.24243e-006
4.30081e-009
1.38486e-009
1.24243e-006
3.85847e-006
1.43588e-010
1.2882e-007
4.00061e-007
1.19828e-005
4.00061e-007
1.33565e-008
0.000358915
3.85847e-006
4.00061e-007
1
0.322
0.00011557
4.00061e-007
4.45925e-010
3.72137e-005
4.00061e-007
1.48878e-011
3.85847e-006
1.33565e-008
4.45925e-010
1.24243e-006
1.24243e-006
0.00111464
0.00011557
4.30081e-009
1.33565e-008
1.38486e-009
4.14799e-008
1.2882e-007
0.00011557
4.00061e-007
4.30081e-009
4.14799e-008
1.24243e-006
1.19828e-005
1.2882e-007
1.19828e-005
4.14799e-008
1.2882e-007
4.45925e-010
1.43588e-010
1.33565e-008
4.45925e-010
4.00061e-007
1.24243e-006
1.2882e-007
1.33565e-008
4.00061e-007
4.14799e-008
1.2882e-007
1.33565e-008
1.19828e-005
1.33565e-008
4.30081e-009
1.54362e-012
1.43588e-010
1.43588e-010
4.97046e-013
4.45925e-010
1.48878e-011
1.19828e-005
1.33565e-008
1.38486e-009
4.14799e-008
1.2882e-007
3.85847e-006
4.14799e-008
1.2882e-007
1.2882e-007
4.14799e-008
1.19828e-005
1.38486e-009
1.54362e-012
1.43588e-010
5.54028e-016
1.54362e-012
4.62353e-011
5.15357e-014
1.48878e-011
1.33565e-008
1.60049e-013
1.48878e-011
1.33565e-008
1.38486e-009
4.45925e-010
1.2882e-007
1.2882e-007
4.14799e-008
1.38486e-009
1.43588e-010
4.45925e-010
4.45925e-010
1.33565e-008
0.00011557
1.33565e-008
1.54362e-012
1.33565e-008
1
1.2882e-007
0.000358915
4.30081e-009
1.33565e-008
4.30081e-009
4.45925e-010
1.38486e-009
4.45925e-010
1.2882e-007
4.30081e-009
3.85847e-006
3.72137e-005
