0.00040841
3.50278e-008
1.80109e-005
3.50278e-008
0.00194481
1.66799e-007
8.57661e-005
0.00040841
1.66799e-007
7.35583e-009
1.54472e-009
1.66799e-007
0.00194481
0.009261
1.80109e-005
1.80109e-005
0.009261
1.80109e-005
1.66799e-007
7.9428e-007
7.35583e-009
1.80109e-005
1.66799e-007
3.24392e-010
1.66799e-007
0.0441
3.78229e-006
3.78229e-006
3.24392e-010
5.41082e-017
0.00040841
3.78229e-006
8.57661e-005
1.66799e-007
1.80109e-005
1.80109e-005
1.54472e-009
7.35583e-009
7.9428e-007
1.54472e-009
3.24392e-010
3.50278e-008
7.9428e-007
0.00040841
1.43057e-011
1.13627e-017
5.41082e-017
2.78218e-014
1.43057e-011
3.50278e-008
3.00419e-012
1.66799e-007
1
1
1
0.21
0.21
3.78229e-006
1.54472e-009
3.50278e-008
1.43057e-011
3.24392e-010
7.35583e-009
7.9428e-007
3.50278e-008
3.24392e-010
7.9428e-007
3.24392e-010
1.80109e-005
1.80109e-005
3.50278e-008
3.78229e-006
7.9428e-007
6.30881e-013
1.32485e-013
3.00419e-012
6.81223e-011
5.41082e-017
6.81223e-011
1.80109e-005
0.00040841
1.54472e-009
3.50278e-008
1.80109e-005
6.81223e-011
6.81223e-011
3.24392e-010
0.00040841
1.80109e-005
3.78229e-006
6.81223e-011
3.24392e-010
3.78229e-006
6.30881e-013
1.13627e-017
3.78229e-006
3.78229e-006
0.00040841
8.57661e-005
8.57661e-005
6.30881e-013
3.24392e-010
3.78229e-006
1.80109e-005
1.43057e-011
7.35583e-009
3.24392e-010
7.9428e-007
7.9428e-007
1.80109e-005
3.78229e-006
7.35583e-009
3.50278e-008
1.54472e-009
5.84259e-015
3.00419e-012
3.24392e-010
1.0523e-019
6.81223e-011
3.00419e-012
5.84259e-015
1.22694e-015
5.41082e-017
5.41082e-017
1.13627e-017
5.01096e-019
6.30881e-013
6.81223e-011
5.41082e-017
2.78218e-014
1.0523e-019
2.78218e-014
1.0523e-019
1.13627e-017
2.57658e-016
1.13627e-017
2.04653e-022
1.0523e-019
2.04653e-022
6.81223e-011
7.9428e-007
1.54472e-009
1.32485e-013
1.54472e-009
5.41082e-017
6.81223e-011
3.00419e-012
1.54472e-009
1.22694e-015
2.57658e-016
7.35583e-009
5.84259e-015
5.84259e-015
1.22694e-015
6.81223e-011
1.43057e-011
1.54472e-009
1.54472e-009
5.84259e-015
1.22694e-015
3.24392e-010
2.38617e-018
1.13627e-017
1.32485e-013
1.43057e-011
1.54472e-009
8.57661e-005
3.50278e-008
1.22694e-015
5.01096e-019
3.00419e-012
2.78218e-014
1.43057e-011
1.32485e-013
1.22694e-015
1.32485e-013
2.20983e-020
6.81223e-011
6.30881e-013
5.84259e-015
1.54472e-009
7.35583e-009
7.9428e-007
6.81223e-011
1.32485e-013
6.81223e-011
3.24392e-010
2.78218e-014
3.50278e-008
3.24392e-010
3.00419e-012
1.43057e-011
1.32485e-013
1.32485e-013
6.30881e-013
1.32485e-013
1.43057e-011
1.13627e-017
3.24392e-010
6.30881e-013
1.43057e-011
1.54472e-009
1.32485e-013
1.32485e-013
6.30881e-013
2.78218e-014
1.32485e-013
5.41082e-017
1.32485e-013
2.57658e-016
1.13627e-017
5.41082e-017
2.38617e-018
1.32485e-013
1.32485e-013
5.41082e-017
2.57658e-016
8.57661e-005
3.00419e-012
2.57658e-016
4.64065e-021
3.00419e-012
3.00419e-012
3.00419e-012
2.57658e-016
2.78218e-014
1.43057e-011
2.57658e-016
9.02518e-024
5.01096e-019
3.00419e-012
3.00419e-012
3.24392e-010
6.30881e-013
3.24392e-010
6.30881e-013
1.13627e-017
3.50278e-008
8.35822e-026
1.35864e-053
1.58412e-049
5.01096e-019
3.24392e-010
2.20983e-020
3.00419e-012
1.32485e-013
7.35583e-009
1.13627e-017
5.84259e-015
1.43057e-011
3.00419e-012
2.57658e-016
1.13627e-017
6.81223e-011
3.50278e-008
6.30881e-013
1.43057e-011
2.78218e-014
5.01096e-019
1.32485e-013
3.00419e-012
1.32485e-013
5.01096e-019
1.22694e-015
5.84259e-015
5.41082e-017
2.57658e-016
1.32485e-013
9.02518e-024
1.43057e-011
6.30881e-013
6.30881e-013
5.84259e-015
6.81223e-011
1.32485e-013
6.81223e-011
5.41082e-017
6.81223e-011
1.22694e-015
5.41082e-017
1.43057e-011
6.81223e-011
1.43057e-011
3.24392e-010
2.78218e-014
5.41082e-017
3.24392e-010
3.00419e-012
1.32485e-013
7.35583e-009
2.78218e-014
6.81223e-011
6.30881e-013
1.80109e-005
2.78218e-014
2.04653e-022
5.84259e-015
5.01096e-019
2.20983e-020
6.30881e-013
5.84259e-015
1.32485e-013
1.66799e-007
1.80109e-005
0.00194481
0.00040841
0.00040841
6.81223e-011
6.30881e-013
6.30881e-013
1.43057e-011
2.78218e-014
3.50278e-008
3.50278e-008
5.84259e-015
2.57658e-016
5.41082e-017
6.81223e-011
1.22694e-015
1.54472e-009
3.24392e-010
6.81223e-011
5.84259e-015
3.00419e-012
1.43057e-011
1.32485e-013
3.24392e-010
1
6.81223e-011
2.20983e-020
1.43057e-011
2.38617e-018
2.57658e-016
1.22694e-015
1.13627e-017
6.30881e-013
1.22694e-015
5.01096e-019
1.13627e-017
2.20983e-020
