2.67773e-012
1.79871e-010
7.31184e-010
1.08851e-011
1.62046e-013
8.11617e-007
1.79871e-010
7.31184e-010
4.91158e-008
2.97229e-009
3.29926e-006
4.91158e-008
2.67773e-012
7.31184e-010
8.11617e-007
1.34116e-005
3.98632e-014
7.31184e-010
1.99658e-007
7.31184e-010
4.91158e-008
4.42483e-011
2.97229e-009
1.20825e-008
0.000221621
1.99658e-007
3.29926e-006
1.20825e-008
1.20825e-008
1.34116e-005
2.97229e-009
2.97229e-009
2.67773e-012
4.42483e-011
8.11617e-007
1.99658e-007
7.31184e-010
3.29926e-006
2.97229e-009
1.99658e-007
1.34116e-005
1.34116e-005
7.31184e-010
1.20825e-008
1.99658e-007
0.0148869
3.29926e-006
0.0148869
0.00366219
0.00366219
0.000900898
1.99658e-007
2.67773e-012
1.31519e-019
3.59127e-017
1.45987e-016
2.41236e-015
1.99658e-007
3.29926e-006
1.20825e-008
3.29926e-006
5.45187e-005
0.0148869
3.29926e-006
1.79871e-010
1.20825e-008
1.99658e-007
1.34116e-005
3.98632e-014
5.45187e-005
8.11617e-007
5.45187e-005
1.99658e-007
5.45187e-005
0.000221621
0.00366219
8.11617e-007
1.34116e-005
1.99658e-007
1.99658e-007
1.79871e-010
0.000221621
1.08851e-011
1.99658e-007
1.34116e-005
1.34116e-005
1.20825e-008
7.31184e-010
9.80635e-015
2.97229e-009
5.45187e-005
3.29926e-006
1.20825e-008
0.00366219
0.060516
7.31184e-010
1.79871e-010
3.29926e-006
1.20825e-008
1.20825e-008
0.000900898
3.29926e-006
1.99658e-007
8.11617e-007
1.34116e-005
3.29926e-006
2.97229e-009
2.97229e-009
1.62046e-013
4.42483e-011
1.79871e-010
3.29926e-006
1.99658e-007
0.000900898
5.45187e-005
3.29926e-006
5.45187e-005
5.45187e-005
8.11617e-007
3.29926e-006
5.45187e-005
0.00366219
1
1.34116e-005
0.000900898
5.45187e-005
0.00366219
0.0148869
0.00366219
1.34116e-005
0.00366219
0.000900898
0.0148869
0.00366219
5.45187e-005
0.0148869
0.0148869
0.246
0.000221621
0.000900898
8.11617e-007
0.000221621
5.45187e-005
0.00366219
0.060516
0.00366219
0.0148869
0.000221621
0.0148869
5.45187e-005
1.34116e-005
1.34116e-005
0.000221621
1.34116e-005
0.000221621
0.00366219
0.00366219
0.00366219
0.000221621
0.00366219
0.060516
0.0148869
0.060516
0.00366219
0.00366219
8.11617e-007
1.62046e-013
1.20825e-008
3.29926e-006
0.00366219
0.000900898
3.29926e-006
1.34116e-005
0.000900898
1.34116e-005
0.000900898
0.000900898
1.34116e-005
0.00366219
0.000221621
1.34116e-005
0.00366219
1.99658e-007
0.0148869
0.000221621
5.45187e-005
0.000221621
0.000221621
4.91158e-008
2.97229e-009
0.00366219
3.29926e-006
0.0148869
0.00366219
0.000900898
1.34116e-005
0.000900898
0.246
5.45187e-005
0.00366219
0.0148869
0.000900898
0.00366219
8.11617e-007
0.000900898
0.000900898
0.00366219
0.0148869
1.34116e-005
0.0148869
1.34116e-005
5.45187e-005
0.00366219
1.34116e-005
0.00366219
0.0148869
0.000221621
1.79871e-010
0.000900898
0.060516
0.000221621
1.34116e-005
0.0148869
0.000900898
8.11617e-007
5.45187e-005
5.45187e-005
1.34116e-005
0.000900898
0.00366219
0.000900898
0.000221621
0.000900898
5.45187e-005
1.34116e-005
0.0148869
0.000900898
0.00366219
0.000900898
1
1
0.000900898
3.29926e-006
0.0148869
0.000900898
0.000900898
0.000221621
0.000900898
0.000900898
1.34116e-005
0.0148869
0.000900898
0.000221621
0.060516
1.34116e-005
2.97229e-009
1.34116e-005
0.000221621
0.00366219
0.00366219
0.000900898
1.34116e-005
0.000900898
0.0148869
0.060516
0.000221621
0.060516
0.00366219
0.0148869
5.45187e-005
3.29926e-006
0.000900898
0.000900898
0.00366219
1.34116e-005
5.45187e-005
0.000221621
8.11617e-007
0.00366219
1.34116e-005
0.000900898
0.000221621
0.000221621
0.00366219
1.99658e-007
1.34116e-005
3.29926e-006
5.45187e-005
5.45187e-005
8.11617e-007
5.45187e-005
5.45187e-005
7.31184e-010
4.91158e-008
0.000900898
0.000221621
0.00366219
0.00366219
0.000221621
1.34116e-005
0.060516
1.34116e-005
3.29926e-006
1.99658e-007
1.79871e-010
1.79871e-010
2.97229e-009
5.45187e-005
8.11617e-007
0.000900898
0.000221621
0.000900898
1.20825e-008
2.97229e-009
1.34116e-005
0.000900898
0.000900898
0.0148869
0.00366219
5.45187e-005
4.91158e-008
5.45187e-005
0.00366219
0.00366219
0.000221621
4.91158e-008
0.000900898
1
0.00366219
0.246
0.000221621
0.060516
0.060516
0.000221621
0.246
0.000221621
0.000221621
0.000221621
0.000221621
0.060516
