9.56627e-009
8.15659e-010
2.03075e-011
5.9298e-012
9.56627e-009
9.56627e-009
2.79335e-009
9.56627e-009
9.56627e-009
3.27612e-008
1.54328e-005
1.54328e-005
1.12196e-007
9.56627e-009
2.38172e-010
9.56627e-009
1.12196e-007
4.50639e-006
8.15659e-010
6.95463e-011
3.84233e-007
2.79335e-009
1.12196e-007
3.27612e-008
1.31587e-006
3.84233e-007
2.38172e-010
3.27612e-008
2.79335e-009
6.95463e-011
8.15659e-010
8.15659e-010
9.56627e-009
6.95463e-011
3.27612e-008
9.56627e-009
3.27612e-008
2.03075e-011
1.31587e-006
9.56627e-009
2.03075e-011
4.50639e-006
1.12196e-007
3.27612e-008
5.9298e-012
4.50639e-006
9.56627e-009
1.54328e-005
2.79335e-009
1.31587e-006
1.31587e-006
3.84233e-007
0.00212283
0.000619865
0.0248971
0.000181001
5.28522e-005
3.27612e-008
5.05598e-013
1.31587e-006
3.84233e-007
1.7315e-012
4.50639e-006
6.95463e-011
6.95463e-011
2.03075e-011
2.79335e-009
4.50639e-006
1.7315e-012
3.27612e-008
6.95463e-011
1.12196e-007
2.03075e-011
2.03075e-011
6.95463e-011
9.56627e-009
5.05598e-013
5.05598e-013
2.38172e-010
0.000619865
6.95463e-011
4.50639e-006
2.38172e-010
2.03075e-011
8.15659e-010
1.54328e-005
3.84233e-007
2.79335e-009
9.56627e-009
1.12196e-007
3.27612e-008
2.38172e-010
3.13403e-016
1.12196e-007
3.84233e-007
3.84233e-007
5.9298e-012
6.95463e-011
3.84233e-007
3.27612e-008
1.7315e-012
6.95463e-011
2.79335e-009
3.27612e-008
3.27612e-008
5.9298e-012
2.38172e-010
8.15659e-010
5.05598e-013
2.03075e-011
9.56627e-009
3.27612e-008
1.12196e-007
1.31587e-006
9.56627e-009
1.31587e-006
4.50639e-006
8.15659e-010
2.79335e-009
9.56627e-009
1.12196e-007
3.84233e-007
1.31587e-006
9.56627e-009
1.31587e-006
0.0248971
0.00212283
0.00726995
5.28522e-005
3.84233e-007
9.56627e-009
1.31587e-006
0.00726995
3.84233e-007
8.15659e-010
3.84233e-007
9.56627e-009
0.000619865
2.79335e-009
1.31587e-006
2.79335e-009
1.31587e-006
3.84233e-007
1.12196e-007
1.12196e-007
1.31587e-006
3.27612e-008
0.000619865
3.27612e-008
6.95463e-011
0.000181001
4.50639e-006
1.31587e-006
3.84233e-007
3.27612e-008
3.84233e-007
1.54328e-005
1.31587e-006
5.28522e-005
1.31587e-006
5.9298e-012
5.28522e-005
3.27612e-008
8.15659e-010
1.31587e-006
6.95463e-011
0.000181001
1.12196e-007
3.27612e-008
4.50639e-006
8.15659e-010
8.15659e-010
5.9298e-012
3.84233e-007
2.38172e-010
1.31587e-006
1.31587e-006
8.15659e-010
1.31587e-006
9.56627e-009
3.27612e-008
0.00726995
2.79335e-009
0.00212283
3.84233e-007
1.31587e-006
1.54328e-005
4.50639e-006
1.31587e-006
6.95463e-011
3.27612e-008
1.12196e-007
1.12196e-007
0.000181001
1.31587e-006
9.56627e-009
3.84233e-007
3.84233e-007
3.84233e-007
3.84233e-007
3.27612e-008
1.12196e-007
3.84233e-007
3.27612e-008
5.28522e-005
9.56627e-009
1.31587e-006
1.31587e-006
1.31587e-006
3.27612e-008
4.50639e-006
1.31587e-006
1.12196e-007
9.56627e-009
1.54328e-005
1.31587e-006
1.12196e-007
1.31587e-006
9.56627e-009
1.54328e-005
3.27612e-008
3.84233e-007
1.31587e-006
2.79335e-009
5.9298e-012
6.95463e-011
2.79335e-009
2.38172e-010
3.27612e-008
1.12196e-007
8.15659e-010
4.50639e-006
2.38172e-010
1.54328e-005
9.56627e-009
1.54328e-005
2.38172e-010
4.50639e-006
5.28522e-005
1
0.292
9.56627e-009
3.84233e-007
3.27612e-008
1.12196e-007
3.84233e-007
1.31587e-006
1.31587e-006
1.31587e-006
0.000181001
5.28522e-005
1.54328e-005
2.79335e-009
2.79335e-009
2.79335e-009
5.9298e-012
9.56627e-009
8.15659e-010
9.56627e-009
1.31587e-006
3.27612e-008
4.50639e-006
0.00212283
5.9298e-012
5.28522e-005
3.84233e-007
4.50639e-006
5.28522e-005
1.12196e-007
2.38172e-010
2.03075e-011
2.38172e-010
1.12196e-007
1.12196e-007
5.05598e-013
1.7315e-012
1.12196e-007
2.79335e-009
5.9298e-012
1.7315e-012
1.47635e-013
1.47635e-013
3.27612e-008
5.28522e-005
4.50639e-006
1.54328e-005
3.84233e-007
5.28522e-005
1.31587e-006
5.28522e-005
1.12196e-007
1.31587e-006
9.56627e-009
3.27612e-008
3.84233e-007
4.50639e-006
4.50639e-006
1.12196e-007
5.28522e-005
8.15659e-010
1.12196e-007
0.00212283
5.28522e-005
4.50639e-006
0.000181001
1.31587e-006
1.31587e-006
1.31587e-006
0.00212283
3.84233e-007
0.000619865
3.27612e-008
3.27612e-008
6.95463e-011
4.50639e-006
1.31587e-006
4.50639e-006
0.000181001
1.31587e-006
5.28522e-005
4.50639e-006
5.28522e-005
1.54328e-005
1.54328e-005
3.27612e-008
4.50639e-006
4.50639e-006
1
0.00726995
2.38172e-010
0.000619865
1.31587e-006
0.000181001
0.000181001
3.84233e-007
0.00212283
1.54328e-005
9.56627e-009
6.95463e-011
1.31587e-006
