5
6
7
8
4
18
15
8
22
20
26
21
11
12
4
14
11
7
6
14
8
9
20
17
18
10
17
9
10
14
19
3
3
8
27
15
17
13
4
13
19
26
16
23
29
26
12
21
21
17
22
15
8
5
2
2
3
13
17
33
16
14
7
17
14
19
22
13
8
19
16
11
6
22
20
31
5
12
12
22
16
20
9
10
23
22
12
8
4
29
20
15
13
29
31
13
3
8
9
13
24
21
14
28
11
11
16
21
7
7
11
9
16
19
10
20
20
14
24
19
26
42
37
47
33
43
44
54
49
35
41
45
45
37
26
30
36
61
21
29
17
17
18
23
33
13
21
21
12
25
42
48
29
25
24
44
16
38
24
21
23
29
18
19
23
15
12
22
20
17
15
11
11
11
20
20
32
20
23
25
10
8
11
25
25
13
9
22
22
8
17
25
26
25
13
18
23
23
11
37
19
27
23
25
10
19
14
23
20
25
22
32
10
24
31
24
27
13
14
13
11
13
22
4
15
10
12
28
18
32
14
30
22
27
30
25
25
9
20
26
20
27
25
27
27
28
15
21
13
19
18
21
28
14
5
7
9
16
22
40
23
22
29
33
41
37
43
22
11
4
23
16
19
11
6
13
29
7
6
10
9
6
22
31
31
39
26
35
30
36
34
26
21
37
37
32
44
29
37
20
49
39
16
16
5
13
19
33
39
33
41
37
18
20
20
18
29
70
47
33
30
38
46
49
41
32
39
89
45
39
41
39
42
36
47
51
33
42
34
37
