2.13488e-007
1.1764e-006
3.57203e-005
0.00108462
2.31553e-010
9.09457e-008
3.87429e-008
5.01145e-007
5.01145e-007
9.09457e-008
9.09457e-008
2.13488e-007
9.86414e-011
7.0309e-009
0.0329335
0.0329335
1.65045e-008
1.52169e-005
3.87429e-008
6.48238e-006
1.1764e-006
5.01145e-007
5.01145e-007
1.1764e-006
1.1764e-006
2.31553e-010
1.1764e-006
0.000462047
6.48238e-006
8.38505e-005
7.0309e-009
2.13488e-007
2.76149e-006
1.27594e-009
2.76149e-006
1.27594e-009
1.1764e-006
6.48238e-006
1.52169e-005
0.000196832
2.76149e-006
9.09457e-008
1.1764e-006
1.27594e-009
1.1764e-006
0.00597665
0.000196832
8.38505e-005
0.000462047
9.09457e-008
0.000196832
8.38505e-005
1.65045e-008
1.1764e-006
0.00108462
0.00108462
0.000196832
9.09457e-008
6.48238e-006
1.65045e-008
0.00254605
6.48238e-006
8.38505e-005
1.52169e-005
2.76149e-006
5.01145e-007
9.09457e-008
0.000196832
2.13488e-007
9.09457e-008
7.0309e-009
9.09457e-008
5.01145e-007
1.65045e-008
1.1764e-006
0.00254605
0.000462047
0.00254605
2.13488e-007
1.27594e-009
5.43551e-010
3.57203e-005
2.99517e-009
5.01145e-007
3.57203e-005
2.13488e-007
2.13488e-007
1.65045e-008
2.13488e-007
2.13488e-007
0.000196832
2.99517e-009
2.76149e-006
3.57203e-005
0.000196832
2.99517e-009
1.52169e-005
1.27594e-009
3.87429e-008
2.31553e-010
2.13488e-007
1.1764e-006
7.0309e-009
2.99517e-009
6.48238e-006
2.76149e-006
1.52169e-005
3.87429e-008
1.65045e-008
3.57203e-005
0.000462047
0.000196832
5.01145e-007
3.87429e-008
0.00108462
2.76149e-006
1.52169e-005
8.38505e-005
1.1764e-006
6.48238e-006
0.000196832
6.48238e-006
8.38505e-005
3.57203e-005
3.57203e-005
6.48238e-006
1.52169e-005
5.01145e-007
1.52169e-005
6.48238e-006
0.00254605
8.38505e-005
1.52169e-005
2.76149e-006
1.1764e-006
1.1764e-006
0.0329335
0.000196832
0.00108462
0.000196832
3.87429e-008
0.000196832
1.52169e-005
2.76149e-006
1.52169e-005
0.000462047
1.52169e-005
6.48238e-006
0.00254605
8.38505e-005
9.09457e-008
6.48238e-006
6.48238e-006
1.1764e-006
1.65045e-008
0.00108462
2.13488e-007
0.00108462
1.1764e-006
0.00254605
0.000196832
8.38505e-005
1
0.000462047
6.48238e-006
1.1764e-006
6.48238e-006
6.48238e-006
0.00597665
0.181476
0.00254605
0.00254605
3.57203e-005
1.52169e-005
0.000196832
2.99517e-009
0.000196832
2.13488e-007
1.1764e-006
0.000196832
0.0329335
0.0329335
1.52169e-005
0.000196832
0.00108462
0.00108462
1.1764e-006
0.00254605
6.48238e-006
8.38505e-005
0.00597665
1.52169e-005
0.00597665
6.48238e-006
0.000462047
6.48238e-006
0.0329335
0.00108462
2.13488e-007
3.87429e-008
0.000196832
1.1764e-006
0.00108462
6.48238e-006
0.00108462
0.000462047
0.0140297
6.48238e-006
6.48238e-006
0.000196832
0.000196832
2.13488e-007
0.0329335
1.52169e-005
5.01145e-007
0.0140297
8.38505e-005
1.52169e-005
0.000196832
0.00254605
0.00108462
8.38505e-005
0.00108462
0.0140297
0.000196832
0.0329335
0.0329335
3.57203e-005
0.000462047
8.38505e-005
3.57203e-005
8.38505e-005
6.48238e-006
8.38505e-005
6.48238e-006
2.76149e-006
8.38505e-005
0.000196832
8.38505e-005
0.426
0.0773088
0.00108462
3.87429e-008
0.000462047
3.87429e-008
0.00597665
8.38505e-005
0.00108462
1.52169e-005
0.00108462
0.00108462
1.52169e-005
9.09457e-008
0.00254605
3.57203e-005
0.00254605
8.38505e-005
8.38505e-005
0.000196832
6.48238e-006
1.1764e-006
1.52169e-005
3.57203e-005
0.000462047
1.65045e-008
3.57203e-005
0.000196832
1.52169e-005
0.00108462
0.0140297
1.52169e-005
1.52169e-005
8.38505e-005
3.57203e-005
0.00108462
0.000196832
3.57203e-005
8.38505e-005
0.000196832
0.00108462
0.000462047
0.000462047
8.38505e-005
1.65045e-008
6.48238e-006
8.38505e-005
5.01145e-007
1.1764e-006
6.48238e-006
2.13488e-007
0.000196832
8.38505e-005
6.48238e-006
2.13488e-007
6.48238e-006
0.000196832
8.38505e-005
6.48238e-006
6.48238e-006
6.48238e-006
0.00254605
3.87429e-008
7.0309e-009
1.1764e-006
1.65045e-008
1.65045e-008
2.13488e-007
8.38505e-005
9.09457e-008
3.57203e-005
2.13488e-007
1.52169e-005
1.1764e-006
1.1764e-006
6.48238e-006
8.38505e-005
1.1764e-006
3.87429e-008
3.57203e-005
1.1764e-006
1.65045e-008
8.38505e-005
1.52169e-005
9.09457e-008
9.09457e-008
3.87429e-008
7.0309e-009
9.73012e-021
2.76149e-006
0.00108462
1.65045e-008
1.52169e-005
1.52169e-005
5.01145e-007
3.57203e-005
7.0309e-009
0.000196832
8.38505e-005
8.38505e-005
0.0773088
