1.31081e-007
1.71821e-014
2.68715e-008
1.31081e-007
3.11911e-006
1.52152e-005
1.31081e-007
6.39418e-007
2.68715e-008
1.12928e-009
2.68715e-008
2.68715e-008
1.99442e-012
1.52152e-005
6.39418e-007
4.74578e-011
3.11911e-006
2.31502e-010
0.000362051
1.12928e-009
1.12928e-009
1.12928e-009
6.39418e-007
6.39418e-007
1.99442e-012
5.50866e-009
4.08855e-013
2.68715e-008
1.31081e-007
1.52152e-005
2.68715e-008
3.11911e-006
4.74578e-011
3.11911e-006
2.31502e-010
1.31081e-007
1.12928e-009
1.31081e-007
1.12928e-009
2.68715e-008
1.12928e-009
1.12928e-009
2.68715e-008
1.31081e-007
1.31081e-007
3.11911e-006
1.52152e-005
1.12928e-009
1.12928e-009
1.99442e-012
7.42204e-005
1.12928e-009
1.31081e-007
7.42204e-005
1.52152e-005
1.31081e-007
1.52152e-005
1.31081e-007
3.11911e-006
0.205
6.39418e-007
6.39418e-007
0.205
1.12928e-009
2.68715e-008
1.52152e-005
1.12928e-009
1.71821e-014
7.42204e-005
5.50866e-009
1.52152e-005
2.31502e-010
6.39418e-007
1.31081e-007
3.11911e-006
5.50866e-009
3.11911e-006
3.11911e-006
1.31081e-007
2.68715e-008
6.39418e-007
1.12928e-009
1.52152e-005
5.50866e-009
1.52152e-005
5.50866e-009
3.11911e-006
3.11911e-006
3.11911e-006
0.0017661
1.12928e-009
6.39418e-007
1.52152e-005
1.12928e-009
1.52152e-005
3.11911e-006
1.31081e-007
6.39418e-007
6.39418e-007
3.11911e-006
1.52152e-005
2.68715e-008
1.31081e-007
1.12928e-009
1.31081e-007
5.50866e-009
5.50866e-009
6.39418e-007
1.31081e-007
9.72886e-012
1.31081e-007
6.39418e-007
6.39418e-007
1.12928e-009
6.39418e-007
1.12928e-009
5.50866e-009
7.42204e-005
5.50866e-009
5.50866e-009
5.50866e-009
6.39418e-007
1.12928e-009
3.11911e-006
9.72886e-012
4.74578e-011
2.68715e-008
1.99442e-012
3.11911e-006
3.52234e-015
1.12928e-009
5.50866e-009
1.12928e-009
3.11911e-006
5.50866e-009
1.31081e-007
5.50866e-009
6.39418e-007
2.31502e-010
1.12928e-009
2.68715e-008
4.74578e-011
1.31081e-007
2.31502e-010
1.31081e-007
2.31502e-010
2.68715e-008
1.31081e-007
5.50866e-009
0.042025
1.71821e-014
1.12928e-009
1.12928e-009
9.72886e-012
9.72886e-012
4.08855e-013
2.68715e-008
9.72886e-012
3.11911e-006
2.68715e-008
6.39418e-007
6.39418e-007
2.31502e-010
1.31081e-007
6.39418e-007
6.39418e-007
6.39418e-007
4.74578e-011
6.39418e-007
2.68715e-008
7.42204e-005
2.68715e-008
3.11911e-006
2.68715e-008
1.31081e-007
1.12928e-009
3.11911e-006
2.68715e-008
1.52152e-005
1.31081e-007
1.31081e-007
6.39418e-007
4.74578e-011
1.12928e-009
1.31081e-007
1.31081e-007
1.31081e-007
5.50866e-009
1.31081e-007
2.31502e-010
1.12928e-009
2.68715e-008
5.50866e-009
2.31502e-010
1.31081e-007
0.00861512
6.39418e-007
1.52152e-005
3.11911e-006
0.000362051
1.12928e-009
1.31081e-007
6.39418e-007
1.31081e-007
8.38153e-014
3.11911e-006
3.11911e-006
6.39418e-007
2.68715e-008
0.000362051
1.12928e-009
3.11911e-006
1.31081e-007
1.52152e-005
0.00861512
1.12928e-009
1.52152e-005
6.39418e-007
1.31081e-007
3.52234e-015
7.42204e-005
3.11911e-006
1.12928e-009
2.68715e-008
7.42204e-005
6.39418e-007
2.68715e-008
2.31502e-010
1.52152e-005
7.42204e-005
1.71821e-014
2.31502e-010
4.74578e-011
1.52152e-005
6.39418e-007
2.68715e-008
7.42204e-005
3.11911e-006
2.68715e-008
1
0.205
1.52152e-005
3.11911e-006
6.39418e-007
3.11911e-006
5.50866e-009
9.72886e-012
3.11911e-006
4.74578e-011
4.74578e-011
3.11911e-006
3.11911e-006
1.52152e-005
6.39418e-007
1.31081e-007
2.68715e-008
1.12928e-009
2.68715e-008
1.31081e-007
7.42204e-005
1.31081e-007
5.50866e-009
1.12928e-009
1.12928e-009
7.42204e-005
6.39418e-007
4.74578e-011
2.68715e-008
2.31502e-010
2.31502e-010
3.11911e-006
4.74578e-011
1.99442e-012
3.11911e-006
3.11911e-006
6.39418e-007
3.11911e-006
2.68715e-008
1.52152e-005
0.000362051
5.50866e-009
0.00861512
4.74578e-011
1.12928e-009
2.68715e-008
5.50866e-009
2.68715e-008
4.74578e-011
1.12928e-009
8.38153e-014
5.50866e-009
9.72886e-012
3.11911e-006
2.68715e-008
1.99442e-012
1.52152e-005
4.74578e-011
2.31502e-010
6.39418e-007
2.68715e-008
4.74578e-011
4.74578e-011
2.31502e-010
1.99442e-012
7.22079e-016
2.31502e-010
1.99442e-012
4.08855e-013
4.74578e-011
2.31502e-010
8.38153e-014
2.31502e-010
6.39418e-007
1.31081e-007
1.31081e-007
2.68715e-008
3.11911e-006
3.11911e-006
1.12928e-009
9.72886e-012
2.68715e-008
4.74578e-011
1.12928e-009
6.39418e-007
2.68715e-008
1.31081e-007
1.31081e-007
1
2.31502e-010
1.52152e-005
2.31502e-010
5.50866e-009
1.99442e-012
1.12928e-009
4.74578e-011
5.50866e-009
5.50866e-009
1.12928e-009
1.52152e-005
2.68715e-008
