1.79236e-007
0.000252247
1.79236e-007
2.25882e-008
0.00200157
8.95479e-005
3.17895e-005
1.79236e-007
4.00627e-006
0.000710556
1.12853e-005
5.0489e-007
3.17895e-005
3.17895e-005
9.04945e-014
2.02273e-012
3.17895e-005
1.79236e-007
1.79236e-007
8.95479e-005
6.36288e-008
1.42223e-006
4.00627e-006
8.95479e-005
3.17895e-005
3.17895e-005
0.000252247
1.27357e-010
2.25882e-008
4.00627e-006
0.000710556
1.42223e-006
4.00627e-006
0.00200157
8.95479e-005
0.000710556
0.000252247
3.17895e-005
8.01882e-009
6.36288e-008
4.00627e-006
6.36288e-008
4.00627e-006
0.000710556
0.00563822
1.79236e-007
6.36288e-008
2.25882e-008
3.17895e-005
0.000252247
2.25882e-008
5.0489e-007
1.12853e-005
0.000710556
2.25882e-008
2.84668e-009
2.25882e-008
1.79236e-007
0.00563822
0.000252247
8.01882e-009
3.17895e-005
2.04411e-021
3.17895e-005
8.95479e-005
3.17895e-005
8.95479e-005
6.36288e-008
3.17895e-005
5.0489e-007
1.12853e-005
1.79236e-007
1.79236e-007
0.00563822
0.00200157
0.000252247
1.79236e-007
1.79236e-007
0.000710556
5.0489e-007
0.0447389
5.0489e-007
4.00627e-006
8.95479e-005
3.17895e-005
5.0489e-007
2.25882e-008
1.42223e-006
3.17895e-005
0.000252247
8.01882e-009
0.00200157
0.0158823
8.95479e-005
0.00200157
3.17895e-005
1.79236e-007
4.00627e-006
2.25882e-008
5.0489e-007
0.00200157
8.95479e-005
8.95479e-005
3.17895e-005
6.36288e-008
0.000252247
3.17895e-005
5.0489e-007
0.000252247
4.00627e-006
8.01882e-009
2.25882e-008
6.36288e-008
1.79236e-007
1.01057e-009
1.12853e-005
1.42223e-006
1.12853e-005
1.12853e-005
4.00627e-006
4.00627e-006
8.95479e-005
0.00563822
0.0447389
1.12853e-005
3.17895e-005
1.12853e-005
0.000252247
3.17895e-005
0.000710556
3.17895e-005
3.17895e-005
8.95479e-005
1.12853e-005
0.000252247
0.000252247
0.00200157
0.00563822
3.17895e-005
1.79236e-007
0.000710556
2.25882e-008
6.36288e-008
1.12853e-005
1.12853e-005
1.01057e-009
1.79236e-007
2.02273e-012
2.84668e-009
1.42223e-006
0.00563822
0.000710556
3.17895e-005
0.000710556
0.000710556
0.00563822
2.25882e-008
1.79236e-007
1.12853e-005
1.79236e-007
2.25882e-008
1.42223e-006
2.25882e-008
1.42223e-006
6.36288e-008
1.42223e-006
3.17895e-005
0.000710556
1.12853e-005
1.27357e-010
4.52118e-011
8.01882e-009
1.12853e-005
5.0489e-007
4.00627e-006
0.000252247
0.000252247
0.000710556
6.36288e-008
1.12853e-005
4.52118e-011
7.18068e-013
1.01057e-009
1.01057e-009
6.36288e-008
1.01057e-009
1.27357e-010
1.27357e-010
3.58753e-010
1.42223e-006
1.42223e-006
1.79236e-007
6.36288e-008
4.00627e-006
1.01057e-009
2.84668e-009
4.52118e-011
2.84668e-009
8.01882e-009
0.000710556
6.36288e-008
2.25882e-008
1.79236e-007
0.000710556
8.01882e-009
2.25882e-008
1.01057e-009
1.79236e-007
4.00627e-006
2.25882e-008
4.00627e-006
4.00627e-006
1.01057e-009
1.79236e-007
1.79236e-007
8.95479e-005
5.0489e-007
6.36288e-008
1.42223e-006
5.0489e-007
0.000252247
8.95479e-005
8.01882e-009
4.52118e-011
4.00627e-006
1.42223e-006
1.01057e-009
0.000710556
8.95479e-005
0.000710556
0.0447389
4.00627e-006
8.95479e-005
4.00627e-006
1.42223e-006
1.79236e-007
0.000252247
1.01057e-009
0.00200157
1
1
1.12853e-005
1.42223e-006
1.79236e-007
0.000252247
2.25882e-008
1.27357e-010
1.12853e-005
4.00627e-006
8.01882e-009
4.52118e-011
3.17895e-005
0.00563822
4.52118e-011
2.02273e-012
3.17895e-005
2.84668e-009
4.00627e-006
3.17895e-005
8.95479e-005
8.95479e-005
1.42223e-006
0.000252247
0.000710556
3.17895e-005
0.000252247
0.00563822
8.95479e-005
0.000710556
6.36288e-008
1.42223e-006
0.000710556
8.95479e-005
2.84668e-009
1.42223e-006
1.12853e-005
1.79236e-007
3.17895e-005
1.79236e-007
1.42223e-006
1.79236e-007
5.0489e-007
4.00627e-006
4.00627e-006
5.0489e-007
1.12853e-005
1.12853e-005
5.0489e-007
1.42223e-006
0.00200157
8.95479e-005
1.12853e-005
0.000252247
8.95479e-005
0.0158823
0.0158823
0.00200157
0.00200157
0.000252247
8.95479e-005
0.000710556
0.000710556
5.0489e-007
4.00627e-006
0.000252247
5.0489e-007
3.17895e-005
1.42223e-006
0.000710556
4.00627e-006
3.17895e-005
0.000252247
4.00627e-006
1.42223e-006
2.84668e-009
1.12853e-005
8.95479e-005
0.000710556
8.95479e-005
8.95479e-005
0.000252247
0.000252247
0.000710556
0.0158823
0.000252247
3.17895e-005
0.000252247
1
8.95479e-005
0.00200157
0.0447389
3.17895e-005
0.0158823
1.12853e-005
0.00200157
0.000710556
8.95479e-005
0.00563822
0.000710556
3.17895e-005
