15
8
15
17
6
9
10
15
12
7
11
14
10
10
29
26
10
15
15
9
16
13
12
9
10
10
8
22
17
12
7
13
12
6
9
7
8
10
18
16
12
16
12
7
5
15
16
17
10
8
17
14
11
7
17
19
17
15
5
8
18
10
46
10
9
10
9
16
10
14
11
15
15
5
6
8
15
15
7
14
3
14
12
9
10
14
17
13
10
8
18
6
4
9
6
10
15
12
17
14
6
9
9
10
16
8
10
14
8
12
18
17
16
15
20
11
13
11
11
12
12
9
5
3
11
10
11
8
10
7
10
10
9
11
8
8
6
5
10
15
7
17
16
11
11
20
15
26
19
13
5
7
10
7
7
5
17
15
11
15
17
13
17
13
16
13
10
7
11
22
23
18
11
14
12
8
8
7
16
11
23
27
20
20
16
20
22
22
21
13
13
15
16
12
20
19
23
19
18
7
16
17
15
7
18
17
20
15
12
17
12
12
20
15
15
9
14
16
13
14
8
9
18
23
12
13
20
7
9
7
3
12
9
12
13
15
8
20
6
0
0
11
13
15
8
17
22
11
12
18
23
10
5
23
26
10
19
12
10
9
9
13
8
7
10
8
5
9
7
16
13
7
9
19
13
11
15
10
15
13
15
14
12
12
14
11
11
14
13
6
9
11
8
9
4
4
6
6
8
9
7
7
14
12
8
14
10
13
7
12
10
8
12
13
19
11
9
7
9
9
8
8
7
4
8
10
8
0
9
6
3
10
4
11
6
7
9
5
7
10
