22
16
19
18
10
11
14
21
15
9
6
18
13
12
28
31
14
18
14
20
14
20
14
8
13
10
12
26
20
13
13
14
13
14
12
18
16
16
23
21
12
16
14
7
9
16
19
14
12
11
14
14
10
9
20
16
23
17
8
10
23
13
41
16
14
13
15
17
21
21
16
16
22
4
7
9
13
12
10
15
11
13
13
17
11
17
15
22
15
12
16
7
9
11
9
17
23
15
18
19
9
11
13
14
15
13
13
20
18
20
29
17
20
11
18
18
15
12
12
19
12
6
7
5
6
5
13
10
11
11
7
11
4
9
10
8
5
3
8
14
8
18
23
11
4
18
20
19
14
13
9
10
7
7
11
11
15
20
13
10
17
13
17
18
14
15
9
8
15
13
25
18
13
16
12
8
11
12
13
14
30
29
26
20
19
22
17
21
24
19
16
17
15
8
16
21
26
15
18
8
20
19
14
13
21
16
19
9
15
16
17
7
19
14
13
14
11
19
13
12
6
14
17
25
11
15
17
8
9
6
5
18
14
15
17
13
11
20
9
0
0
15
14
9
12
20
22
13
14
20
22
11
10
23
26
12
21
13
9
12
10
14
9
10
9
9
11
8
10
15
8
9
11
17
16
11
14
15
10
8
16
12
16
11
10
9
11
11
11
10
16
18
7
13
12
6
8
8
9
12
15
10
13
18
14
19
18
10
10
15
9
4
12
13
17
10
8
3
7
8
11
10
7
10
9
4
8
0
13
6
6
7
5
11
3
6
13
6
8
14
