2.38509e-006
5.68868e-012
6.53516e-007
2.38509e-006
3.17691e-005
0.000115946
2.38509e-006
8.70473e-006
6.53516e-007
4.90634e-008
6.53516e-007
6.53516e-007
2.76541e-010
0.000115946
8.70473e-006
3.68348e-009
3.17691e-005
1.34434e-008
0.00154438
4.90634e-008
4.90634e-008
4.90634e-008
8.70473e-006
8.70473e-006
2.76541e-010
1.79063e-007
7.57722e-011
6.53516e-007
2.38509e-006
0.000115946
6.53516e-007
3.17691e-005
3.68348e-009
3.17691e-005
1.34434e-008
2.38509e-006
4.90634e-008
2.38509e-006
4.90634e-008
6.53516e-007
4.90634e-008
4.90634e-008
6.53516e-007
2.38509e-006
2.38509e-006
3.17691e-005
0.000115946
4.90634e-008
4.90634e-008
2.76541e-010
0.000423159
4.90634e-008
2.38509e-006
0.000423159
0.000115946
2.38509e-006
0.000115946
2.38509e-006
3.17691e-005
0.274
8.70473e-006
8.70473e-006
0.274
4.90634e-008
6.53516e-007
0.000115946
4.90634e-008
5.68868e-012
0.000423159
1.79063e-007
0.000115946
1.34434e-008
8.70473e-006
2.38509e-006
3.17691e-005
1.79063e-007
3.17691e-005
3.17691e-005
2.38509e-006
6.53516e-007
8.70473e-006
4.90634e-008
0.000115946
1.79063e-007
0.000115946
1.79063e-007
3.17691e-005
3.17691e-005
3.17691e-005
0.00563641
4.90634e-008
8.70473e-006
0.000115946
4.90634e-008
0.000115946
3.17691e-005
2.38509e-006
8.70473e-006
8.70473e-006
3.17691e-005
0.000115946
6.53516e-007
2.38509e-006
4.90634e-008
2.38509e-006
1.79063e-007
1.79063e-007
8.70473e-006
2.38509e-006
1.00927e-009
2.38509e-006
8.70473e-006
8.70473e-006
4.90634e-008
8.70473e-006
4.90634e-008
1.79063e-007
0.000423159
1.79063e-007
1.79063e-007
1.79063e-007
8.70473e-006
4.90634e-008
3.17691e-005
1.00927e-009
3.68348e-009
6.53516e-007
2.76541e-010
3.17691e-005
1.5587e-012
4.90634e-008
1.79063e-007
4.90634e-008
3.17691e-005
1.79063e-007
2.38509e-006
1.79063e-007
8.70473e-006
1.34434e-008
4.90634e-008
6.53516e-007
3.68348e-009
2.38509e-006
1.34434e-008
2.38509e-006
1.34434e-008
6.53516e-007
2.38509e-006
1.79063e-007
0.075076
5.68868e-012
4.90634e-008
4.90634e-008
1.00927e-009
1.00927e-009
7.57722e-011
6.53516e-007
1.00927e-009
3.17691e-005
6.53516e-007
8.70473e-006
8.70473e-006
1.34434e-008
2.38509e-006
8.70473e-006
8.70473e-006
8.70473e-006
3.68348e-009
8.70473e-006
6.53516e-007
0.000423159
6.53516e-007
3.17691e-005
6.53516e-007
2.38509e-006
4.90634e-008
3.17691e-005
6.53516e-007
0.000115946
2.38509e-006
2.38509e-006
8.70473e-006
3.68348e-009
4.90634e-008
2.38509e-006
2.38509e-006
2.38509e-006
1.79063e-007
2.38509e-006
1.34434e-008
4.90634e-008
6.53516e-007
1.79063e-007
1.34434e-008
2.38509e-006
0.0205708
8.70473e-006
0.000115946
3.17691e-005
0.00154438
4.90634e-008
2.38509e-006
8.70473e-006
2.38509e-006
2.07616e-011
3.17691e-005
3.17691e-005
8.70473e-006
6.53516e-007
0.00154438
4.90634e-008
3.17691e-005
2.38509e-006
0.000115946
0.0205708
4.90634e-008
0.000115946
8.70473e-006
2.38509e-006
1.5587e-012
0.000423159
3.17691e-005
4.90634e-008
6.53516e-007
0.000423159
8.70473e-006
6.53516e-007
1.34434e-008
0.000115946
0.000423159
5.68868e-012
1.34434e-008
3.68348e-009
0.000115946
8.70473e-006
6.53516e-007
0.000423159
3.17691e-005
6.53516e-007
1
0.274
0.000115946
3.17691e-005
8.70473e-006
3.17691e-005
1.79063e-007
1.00927e-009
3.17691e-005
3.68348e-009
3.68348e-009
3.17691e-005
3.17691e-005
0.000115946
8.70473e-006
2.38509e-006
6.53516e-007
4.90634e-008
6.53516e-007
2.38509e-006
0.000423159
2.38509e-006
1.79063e-007
4.90634e-008
4.90634e-008
0.000423159
8.70473e-006
3.68348e-009
6.53516e-007
1.34434e-008
1.34434e-008
3.17691e-005
3.68348e-009
2.76541e-010
3.17691e-005
3.17691e-005
8.70473e-006
3.17691e-005
6.53516e-007
0.000115946
0.00154438
1.79063e-007
0.0205708
3.68348e-009
4.90634e-008
6.53516e-007
1.79063e-007
6.53516e-007
3.68348e-009
4.90634e-008
2.07616e-011
1.79063e-007
1.00927e-009
3.17691e-005
6.53516e-007
2.76541e-010
0.000115946
3.68348e-009
1.34434e-008
8.70473e-006
6.53516e-007
3.68348e-009
3.68348e-009
1.34434e-008
2.76541e-010
4.27083e-013
1.34434e-008
2.76541e-010
7.57722e-011
3.68348e-009
1.34434e-008
2.07616e-011
1.34434e-008
8.70473e-006
2.38509e-006
2.38509e-006
6.53516e-007
3.17691e-005
3.17691e-005
4.90634e-008
1.00927e-009
6.53516e-007
3.68348e-009
4.90634e-008
8.70473e-006
6.53516e-007
2.38509e-006
2.38509e-006
1
1.34434e-008
0.000115946
1.34434e-008
1.79063e-007
2.76541e-010
4.90634e-008
3.68348e-009
1.79063e-007
1.79063e-007
4.90634e-008
0.000115946
6.53516e-007
