5
11
7
11
4
10
6
5
10
12
13
10
4
3
7
7
3
7
10
9
12
7
10
14
10
2
8
8
14
24
5
8
6
10
7
7
13
12
9
13
14
11
9
5
16
25
24
20
16
11
17
10
0
0
0
1
1
8
13
11
16
14
12
9
11
14
9
14
7
7
11
8
9
18
19
17
15
24
15
7
5
13
11
7
15
15
14
5
7
8
15
14
8
18
25
8
8
5
6
6
18
14
8
7
16
12
14
9
9
7
8
12
11
13
21
17
14
28
15
17
21
22
24
24
25
27
18
15
24
20
28
20
28
25
23
25
32
28
32
15
9
13
19
13
24
15
17
13
22
23
12
21
21
22
15
16
13
13
21
22
14
26
25
19
16
13
6
11
22
27
17
20
16
19
22
19
29
15
18
21
13
12
9
15
19
15
14
20
11
14
17
16
19
19
18
19
16
25
14
18
16
13
19
19
18
20
19
24
19
23
25
24
26
19
19
24
23
6
17
23
30
17
17
17
23
20
16
23
34
27
17
17
14
18
14
18
25
11
37
78
72
27
14
29
17
19
12
25
21
16
17
23
25
15
11
18
16
20
27
19
17
19
27
22
21
24
23
19
34
16
18
18
21
15
19
15
24
15
22
24
16
15
16
14
20
24
14
17
19
12
20
15
18
7
20
32
21
27
29
18
21
19
10
7
4
5
5
15
18
18
16
20
11
11
21
23
24
15
22
13
14
15
21
17
16
19
14
0
15
29
16
26
23
22
25
18
22
27
25
29
