3.05018e-011
1.64581e-006
2.13611e-014
8.07187e-013
1.15259e-009
3.43473e-010
3.86777e-009
4.9045e-007
5.52284e-006
1.64581e-006
6.21914e-005
1.64581e-006
1.15259e-009
9.08953e-012
1.49596e-017
1.49596e-017
1.49596e-017
3.95885e-019
3.05018e-011
3.86777e-009
3.86777e-009
2.13611e-014
3.43473e-010
1.8533e-005
4.3554e-008
1.8533e-005
3.86777e-009
5.6529e-016
2.70868e-012
0.000700322
4.9045e-007
2.13611e-014
2.70868e-012
1.8533e-005
1.29791e-008
4.9045e-007
3.05018e-011
5.52284e-006
2.13611e-014
1.89695e-015
0.00235007
0.000700322
1.46154e-007
5.52284e-006
1.8533e-005
0.00788615
1.8533e-005
5.52284e-006
6.21914e-005
1.8533e-005
1.8533e-005
5.52284e-006
2.40542e-013
5.6529e-016
1.35976e-028
1.17974e-019
1.72424e-026
3.05018e-011
0.0264636
4.3554e-008
1.15259e-009
4.3554e-008
6.21914e-005
1.02355e-010
3.86777e-009
0.000208696
6.21914e-005
2.40542e-013
1.15259e-009
4.3554e-008
6.21914e-005
2.40542e-013
1.8533e-005
0.00235007
0.00235007
6.21914e-005
2.13611e-014
5.52284e-006
1.46154e-007
5.52284e-006
6.21914e-005
4.9045e-007
5.52284e-006
1.64581e-006
1.8533e-005
5.52284e-006
1.46154e-007
7.16814e-014
8.07187e-013
5.52284e-006
2.13611e-014
5.52284e-006
0.00788615
4.9045e-007
0.298
1.8533e-005
8.07187e-013
4.3554e-008
3.05018e-011
0.000208696
0.088804
5.52284e-006
5.52284e-006
1.46154e-007
1.15259e-009
3.86777e-009
4.9045e-007
0.000208696
3.05018e-011
3.05018e-011
2.40542e-013
1.02355e-010
1.8533e-005
0.000700322
1.29791e-008
1.64581e-006
1.02355e-010
0.00235007
6.21914e-005
0.00235007
5.52284e-006
0.00235007
0.088804
0.00788615
0.0264636
0.00235007
1.64581e-006
0.0264636
0.0264636
0.00788615
0.0264636
0.000700322
0.088804
5.52284e-006
0.00235007
0.088804
0.298
0.088804
0.088804
0.0264636
0.000700322
4.9045e-007
4.9045e-007
1.64581e-006
0.00788615
4.3554e-008
0.00235007
3.86777e-009
6.21914e-005
1.8533e-005
0.00235007
0.00788615
0.000208696
6.21914e-005
0.0264636
4.9045e-007
6.21914e-005
0.00235007
0.00788615
1.8533e-005
5.52284e-006
0.000208696
0.000208696
0.00788615
6.21914e-005
1.8533e-005
1.15259e-009
4.9045e-007
1.64581e-006
0.000208696
0.00788615
6.21914e-005
3.43473e-010
0.00235007
1.8533e-005
0.000208696
0.088804
0.0264636
6.21914e-005
0.00788615
1.15259e-009
1.15259e-009
3.86777e-009
1.29791e-008
5.52284e-006
1.46154e-007
1.29791e-008
0.000208696
4.3554e-008
1.46154e-007
1.8533e-005
5.52284e-006
1.8533e-005
0.000208696
3.43473e-010
5.52284e-006
5.52284e-006
4.9045e-007
4.9045e-007
0.00235007
1.8533e-005
1.64581e-006
0.0264636
0.0264636
1.46154e-007
5.52284e-006
1.64581e-006
0.00235007
0.000208696
4.9045e-007
0.000208696
0.00235007
1.64581e-006
1.8533e-005
0.00235007
0.00788615
0.000700322
2.70868e-012
3.86777e-009
0.088804
0.00788615
5.52284e-006
0.00235007
1.46154e-007
6.21914e-005
0.000700322
4.3554e-008
0.00235007
0.298
0.00788615
0.00788615
0.000208696
0.000700322
0.0264636
0.00235007
0.000700322
0.00235007
9.08953e-012
5.52284e-006
1
1
0.00788615
5.52284e-006
0.000700322
0.088804
1.64581e-006
4.9045e-007
6.21914e-005
1.64581e-006
4.3554e-008
6.21914e-005
0.088804
0.0264636
0.000208696
3.86777e-009
1.46154e-007
5.52284e-006
4.9045e-007
0.000208696
0.000700322
1.46154e-007
0.00788615
0.000208696
6.21914e-005
0.088804
0.0264636
0.088804
0.000208696
0.000700322
2.40542e-013
0.000208696
1.8533e-005
1.64581e-006
1.29791e-008
6.21914e-005
1.64581e-006
5.52284e-006
2.70868e-012
1.15259e-009
5.52284e-006
1.46154e-007
6.21914e-005
5.52284e-006
1.46154e-007
4.3554e-008
6.21914e-005
5.52284e-006
4.9045e-007
1.64581e-006
5.52284e-006
5.52284e-006
1.8533e-005
1.8533e-005
5.52284e-006
0.0264636
1
0.00788615
0.00235007
0.088804
0.000208696
0.000700322
0.00788615
1.15259e-009
7.16814e-014
3.95885e-019
6.3656e-015
5.02001e-017
3.05018e-011
6.21914e-005
1.8533e-005
0.000208696
0.000208696
4.3554e-008
1.46154e-007
1.46154e-007
0.000208696
0.298
0.00788615
0.088804
6.21914e-005
1.8533e-005
0.000700322
6.21914e-005
0.0264636
0.000700322
0.00788615
1.8533e-005
1
0.0264636
0.00788615
0.00235007
0.000700322
0.000700322
0.0264636
0.0264636
0.00788615
0.00235007
0.00788615
0.088804
1
