2.18257e-007
8.25611e-010
8.80069e-007
5.76981e-005
1.2593e-011
3.12307e-012
5.41278e-008
5.41278e-008
3.32907e-009
1.2593e-011
1.34237e-008
2.18257e-007
2.04751e-010
2.04751e-010
0.061504
5.76981e-005
2.18257e-007
0.00093812
3.32907e-009
8.25611e-010
5.41278e-008
3.32907e-009
1.34237e-008
1.43091e-005
1.34237e-008
3.12307e-012
2.04751e-010
0.00378274
5.41278e-008
5.41278e-008
5.07783e-011
1.34237e-008
5.41278e-008
1.92081e-013
2.18257e-007
3.12307e-012
2.18257e-007
8.25611e-010
0.000232654
5.76981e-005
3.32907e-009
1.34237e-008
8.25611e-010
2.04751e-010
3.32907e-009
3.54867e-006
8.80069e-007
5.41278e-008
0.000232654
1.34237e-008
0.000232654
2.18257e-007
2.04751e-010
1.43091e-005
0.000232654
3.54867e-006
0.015253
3.32907e-009
3.32907e-009
2.18257e-007
0.00093812
8.25611e-010
2.18257e-007
3.32907e-009
3.54867e-006
3.32907e-009
2.04751e-010
5.76981e-005
5.41278e-008
3.12307e-012
1.92081e-013
5.07783e-011
1.34237e-008
3.12307e-012
5.07783e-011
1.43091e-005
0.000232654
1.43091e-005
2.18257e-007
2.04751e-010
3.32907e-009
8.80069e-007
2.04751e-010
5.07783e-011
3.54867e-006
1.34237e-008
1.34237e-008
5.07783e-011
1.43091e-005
2.18257e-007
8.80069e-007
7.74522e-013
4.76362e-014
8.80069e-007
8.80069e-007
2.04751e-010
5.76981e-005
1.92081e-013
3.54867e-006
7.74522e-013
1.92081e-013
3.32907e-009
2.04751e-010
4.76362e-014
3.32907e-009
2.04751e-010
8.80069e-007
1.2593e-011
3.12307e-012
8.80069e-007
0.00093812
8.80069e-007
1.43091e-005
8.25611e-010
0.00093812
8.80069e-007
5.76981e-005
1.43091e-005
1.34237e-008
8.80069e-007
8.80069e-007
1.34237e-008
1.34237e-008
2.18257e-007
5.41278e-008
1.43091e-005
3.54867e-006
8.80069e-007
2.18257e-007
3.32907e-009
8.25611e-010
2.04751e-010
2.18257e-007
1.2593e-011
1.2593e-011
7.74522e-013
0.000232654
8.80069e-007
5.41278e-008
0.00093812
3.32907e-009
3.54867e-006
8.80069e-007
5.41278e-008
8.25611e-010
3.54867e-006
3.32907e-009
5.76981e-005
8.80069e-007
1.34237e-008
2.04751e-010
5.41278e-008
1.34237e-008
8.25611e-010
7.26594e-016
2.18257e-007
5.41278e-008
2.18257e-007
8.80069e-007
0.00093812
2.18257e-007
1.43091e-005
0.00093812
3.54867e-006
3.54867e-006
8.25611e-010
3.32907e-009
1.2593e-011
1.43091e-005
0.061504
2.18257e-007
1.43091e-005
1.43091e-005
1.43091e-005
2.18257e-007
1.92081e-013
8.80069e-007
7.74522e-013
8.80069e-007
5.41278e-008
0.00378274
0.061504
2.18257e-007
0.015253
0.000232654
0.00093812
3.54867e-006
1.43091e-005
5.76981e-005
3.54867e-006
0.00093812
5.41278e-008
1.43091e-005
2.18257e-007
0.000232654
2.18257e-007
0.000232654
1.43091e-005
5.07783e-011
3.12307e-012
5.41278e-008
2.04751e-010
0.000232654
8.80069e-007
5.76981e-005
5.76981e-005
1.43091e-005
1.34237e-008
3.54867e-006
8.80069e-007
0.00093812
8.25611e-010
1.43091e-005
2.18257e-007
8.80069e-007
0.061504
8.80069e-007
0.000232654
5.41278e-008
5.76981e-005
5.76981e-005
1.43091e-005
1.43091e-005
3.54867e-006
8.80069e-007
0.000232654
0.00378274
1.92081e-013
0.000232654
3.54867e-006
3.32907e-009
5.76981e-005
5.07783e-011
0.00093812
3.54867e-006
8.80069e-007
1.34237e-008
5.76981e-005
2.18257e-007
0.248
0.015253
8.80069e-007
1.2593e-011
2.18257e-007
5.07783e-011
0.00093812
5.76981e-005
0.00378274
2.18257e-007
0.00378274
0.00093812
3.54867e-006
2.92982e-015
3.32907e-009
8.80069e-007
5.76981e-005
0.00093812
3.32907e-009
3.54867e-006
8.80069e-007
5.41278e-008
3.54867e-006
2.18257e-007
8.25611e-010
3.12307e-012
2.18257e-007
5.41278e-008
3.54867e-006
0.000232654
0.00378274
1.34237e-008
8.25611e-010
5.41278e-008
5.76981e-005
5.76981e-005
8.80069e-007
1.43091e-005
0.000232654
1.34237e-008
0.000232654
3.32907e-009
8.80069e-007
5.41278e-008
7.74522e-013
1.34237e-008
8.80069e-007
3.32907e-009
5.41278e-008
2.04751e-010
3.32907e-009
8.25611e-010
8.80069e-007
5.41278e-008
8.25611e-010
3.32907e-009
5.76981e-005
2.04751e-010
1.2593e-011
8.25611e-010
5.41278e-008
8.25611e-010
3.32907e-009
3.32907e-009
3.54867e-006
8.80069e-007
2.18257e-007
8.80069e-007
3.54867e-006
5.41278e-008
3.32907e-009
2.04751e-010
5.41278e-008
3.32907e-009
8.25611e-010
5.41278e-008
0.000232654
2.18257e-007
5.07783e-011
5.41278e-008
8.25611e-010
1.34237e-008
1.43091e-005
1.34237e-008
1.2593e-011
3.12307e-012
8.25611e-010
7.74522e-013
8.05265e-033
5.76981e-005
2.18257e-007
3.32907e-009
3.12307e-012
1.34237e-008
2.04751e-010
3.12307e-012
5.07783e-011
3.54867e-006
3.32907e-009
2.04751e-010
2.18257e-007
