18
16
12
8
26
19
20
17
17
19
19
18
27
22
4
4
21
13
20
14
16
17
17
16
16
26
16
9
14
11
22
18
15
24
15
24
16
14
13
10
15
19
16
24
16
6
10
11
9
19
10
11
21
16
8
8
10
19
14
21
7
14
11
13
15
17
19
10
18
19
22
19
17
21
16
7
9
7
18
24
25
12
23
17
12
18
18
21
18
18
10
23
15
12
10
23
13
24
20
26
18
16
22
23
14
15
13
20
21
12
9
10
17
20
8
15
13
11
16
14
10
14
11
12
12
14
13
17
13
14
7
11
13
15
16
16
4
10
8
10
20
10
13
15
13
9
13
14
7
11
19
14
14
16
21
8
18
8
16
7
10
11
0
9
14
16
14
14
6
2
7
7
12
13
10
23
10
18
16
10
4
4
13
10
8
8
16
7
14
11
6
13
6
14
9
14
4
8
18
20
10
16
8
14
8
9
5
14
14
10
10
18
4
13
17
5
11
13
10
7
8
11
8
5
10
4
4
12
9
11
12
11
14
11
14
15
11
10
11
1
3
8
20
9
20
6
11
8
13
8
8
13
19
7
12
7
11
11
10
14
16
13
12
9
21
12
10
13
8
5
13
13
11
12
8
10
12
11
10
8
9
9
11
21
14
11
17
16
14
18
10
11
14
18
14
10
11
14
14
14
7
20
22
16
21
21
18
11
19
12
18
13
16
16
14
11
16
20
12
16
21
11
13
19
19
20
22
54
15
8
21
13
13
17
12
22
10
11
11
3
