1.07516e-016
2.43515e-012
1.61808e-014
8.60679e-014
5.51542e-008
1.0369e-008
6.88985e-011
5.71893e-016
1.29529e-011
2.93373e-007
4.41517e-005
8.60679e-014
3.66481e-010
1.94937e-009
4.74701e-021
3.15423e-023
6.88985e-011
8.60679e-014
6.88985e-011
3.04198e-015
6.88985e-011
3.04198e-015
6.88985e-011
1.5605e-006
3.66481e-010
5.51542e-008
1.94937e-009
1.34309e-019
3.04198e-015
3.66481e-010
3.66481e-010
6.88985e-011
3.66481e-010
6.88985e-011
1.94937e-009
8.60679e-014
2.43515e-012
2.43515e-012
2.0213e-017
5.71893e-016
1.94937e-009
2.43515e-012
6.88985e-011
8.30051e-006
2.93373e-007
2.43515e-012
1.61808e-014
6.88985e-011
1.94937e-009
1.0369e-008
6.88985e-011
6.88985e-011
5.51542e-008
2.93373e-007
3.04198e-015
2.43515e-012
2.0213e-017
4.57808e-013
1.5605e-006
5.51542e-008
2.0213e-017
3.66481e-010
1.73969e-030
2.43515e-012
6.88985e-011
3.66481e-010
1.29529e-011
4.57808e-013
5.71893e-016
5.71893e-016
2.43515e-012
2.43515e-012
1.07516e-016
0.0012492
8.30051e-006
2.93373e-007
3.66481e-010
1.94937e-009
5.51542e-008
1.29529e-011
1.0369e-008
3.66481e-010
3.66481e-010
4.57808e-013
1.0369e-008
4.57808e-013
1.29529e-011
1.07516e-016
1.29529e-011
1.94937e-009
2.43515e-012
8.30051e-006
2.93373e-007
1.0369e-008
2.93373e-007
4.57808e-013
2.0213e-017
1.29529e-011
8.60679e-014
1.61808e-014
2.93373e-007
1.0369e-008
3.66481e-010
6.88985e-011
1.29529e-011
3.66481e-010
3.66481e-010
3.04198e-015
8.60679e-014
3.04198e-015
8.92437e-022
4.57808e-013
3.04198e-015
1.0369e-008
8.60679e-014
8.60679e-014
1.29529e-011
1.94937e-009
1.94937e-009
1.61808e-014
1.94937e-009
4.41517e-005
8.30051e-006
0.000234849
4.41517e-005
0.000234849
3.66481e-010
5.51542e-008
1.0369e-008
1.0369e-008
8.30051e-006
1.0369e-008
0.0012492
2.93373e-007
5.51542e-008
1.5605e-006
0.000234849
0.00664467
1.5605e-006
6.88985e-011
1.5605e-006
8.60679e-014
2.0213e-017
1.0369e-008
0.0012492
8.60679e-014
3.04198e-015
1.61808e-014
6.88985e-011
3.66481e-010
2.93373e-007
5.51542e-008
8.30051e-006
8.30051e-006
1.0369e-008
1.0369e-008
1.29529e-011
3.04198e-015
3.66481e-010
5.51542e-008
4.57808e-013
3.66481e-010
4.57808e-013
8.60679e-014
6.88985e-011
1.29529e-011
2.93373e-007
1.5605e-006
1.29529e-011
3.66481e-010
7.14408e-019
8.60679e-014
3.66481e-010
2.43515e-012
1.94937e-009
1.5605e-006
1.0369e-008
1.94937e-009
3.66481e-010
6.88985e-011
1.67778e-022
8.92437e-022
1.34309e-019
3.04198e-015
1.61808e-014
1.07516e-016
4.57808e-013
5.71893e-016
3.80004e-018
1.61808e-014
2.43515e-012
4.57808e-013
1.29529e-011
1.5605e-006
2.43515e-012
5.71893e-016
1.34309e-019
1.29529e-011
8.60679e-014
1.5605e-006
3.04198e-015
1.61808e-014
6.88985e-011
3.66481e-010
5.71893e-016
2.43515e-012
1.61808e-014
2.93373e-007
1.29529e-011
2.43515e-012
4.57808e-013
8.30051e-006
1.61808e-014
6.88985e-011
3.66481e-010
6.88985e-011
1.0369e-008
1.61808e-014
3.66481e-010
1.94937e-009
4.41517e-005
6.88985e-011
4.57808e-013
7.14408e-019
1.0369e-008
1.29529e-011
4.57808e-013
1.5605e-006
2.93373e-007
4.41517e-005
0.000234849
8.60679e-014
6.88985e-011
1.29529e-011
4.57808e-013
3.66481e-010
1.0369e-008
3.04198e-015
2.93373e-007
1
1
1.29529e-011
6.88985e-011
2.93373e-007
1.94937e-009
3.04198e-015
1.07516e-016
3.66481e-010
6.88985e-011
3.04198e-015
1.07516e-016
1.0369e-008
5.51542e-008
2.0213e-017
1.34309e-019
1.94937e-009
5.71893e-016
3.66481e-010
2.93373e-007
1.94937e-009
5.51542e-008
6.88985e-011
2.93373e-007
5.51542e-008
2.93373e-007
2.93373e-007
1.0369e-008
1.5605e-006
5.51542e-008
1.29529e-011
1.5605e-006
2.93373e-007
1.0369e-008
4.57808e-013
2.43515e-012
1.0369e-008
6.88985e-011
1.29529e-011
5.51542e-008
1.5605e-006
2.43515e-012
1.94937e-009
2.43515e-012
1.0369e-008
5.51542e-008
2.93373e-007
1.0369e-008
1.0369e-008
1.0369e-008
5.51542e-008
2.43515e-012
8.60679e-014
8.30051e-006
3.66481e-010
1.94937e-009
4.41517e-005
1.5605e-006
1.5605e-006
2.93373e-007
1.94937e-009
1.29529e-011
5.51542e-008
3.66481e-010
8.60679e-014
6.88985e-011
1.61808e-014
8.60679e-014
5.51542e-008
5.51542e-008
1.29529e-011
2.93373e-007
0.0012492
1.94937e-009
3.66481e-010
4.57808e-013
5.51542e-008
1.5605e-006
0.00664467
8.30051e-006
1.5605e-006
1.0369e-008
5.51542e-008
8.30051e-006
5.51542e-008
2.93373e-007
0.0012492
1.5605e-006
1
3.66481e-010
4.41517e-005
4.41517e-005
8.30051e-006
0.000234849
1.0369e-008
0.00664467
4.41517e-005
3.66481e-010
4.41517e-005
1.5605e-006
6.88985e-011
