0.00243
0.000729
0.0002187
6.561e-005
0.0081
3.8742e-010
1.43489e-008
6.561e-005
3.13811e-012
3.48678e-011
2.54187e-014
1.04604e-011
1.77147e-006
5.31441e-007
0.0081
4.78297e-008
1.77147e-006
0.0002187
0.000729
4.78297e-008
6.561e-005
1.9683e-005
3.48678e-011
1.2914e-009
3.8742e-010
5.9049e-006
1.2914e-009
1.9683e-005
5.9049e-006
4.78297e-008
1.16226e-010
0.027
0.027
6.561e-005
7.6256e-015
1.43489e-008
1.2914e-009
1.59432e-007
0.0081
1.59432e-007
1.16226e-010
2.54187e-014
4.30467e-009
9.41432e-013
6.86304e-016
2.54187e-014
5.31441e-007
1.04604e-011
1.04604e-011
1.2914e-009
3.13811e-012
1.43489e-008
6.561e-005
0.00243
0.09
0.09
0.027
1.59432e-007
1.2914e-009
5.55906e-018
4.30467e-009
4.78297e-008
0.0002187
1.2914e-009
4.78297e-008
1.16226e-010
3.13811e-012
1.59432e-007
6.561e-005
1.16226e-010
4.30467e-009
1.77147e-006
0.000729
3.13811e-012
3.48678e-011
6.17673e-017
0.00243
5.31441e-007
5.31441e-007
3.13811e-012
4.30467e-009
3.48678e-011
1.9683e-005
5.9049e-006
9.41432e-013
3.13811e-012
5.31441e-007
6.561e-005
0.0081
6.86304e-016
3.48678e-011
1.43489e-008
1.59432e-007
6.86304e-016
6.17673e-017
1.59432e-007
0.027
6.561e-005
1.9683e-005
1.59432e-007
2.8243e-013
1.04604e-011
4.78297e-008
2.28768e-015
1.77147e-006
1.77147e-006
4.30467e-009
1.04604e-011
0.0002187
0.0002187
1.77147e-006
1.9683e-005
4.30467e-009
1.16226e-010
5.9049e-006
3.48678e-011
3.48678e-011
4.78297e-008
2.8243e-013
1.16226e-010
2.54187e-014
1.09419e-022
4.50284e-020
2.65888e-025
5.55906e-018
3.28257e-023
9.84771e-024
5.81497e-029
2.39299e-026
5.00315e-019
3.6473e-022
2.95431e-024
2.95431e-024
4.50284e-020
2.54187e-014
2.05891e-016
1.50095e-019
1.27173e-032
1.04604e-011
6.86304e-016
1.2914e-009
1.2914e-009
3.8742e-010
9.41432e-013
5.55906e-018
1.59432e-007
1.04604e-011
1.04604e-011
5.31441e-007
8.47289e-014
1.09419e-022
7.97664e-026
6.86304e-016
8.47289e-014
2.8243e-013
9.84771e-024
4.30467e-009
1.35085e-020
2.8243e-013
1.04604e-011
9.41432e-013
6.86304e-016
3.8742e-010
1.16226e-010
9.41432e-013
1.43489e-008
5.31441e-007
3.13811e-012
3.48678e-011
1.2914e-009
1.43489e-008
1.77147e-006
1.77147e-006
1.77147e-006
3.48678e-011
3.48678e-011
1.85302e-017
3.48678e-011
9.41432e-013
8.47289e-014
5.9049e-006
6.561e-005
1.77147e-006
8.47289e-014
8.47289e-014
1.59432e-007
1.9683e-005
3.13811e-012
3.13811e-012
6.561e-005
1.2914e-009
8.47289e-014
2.54187e-014
8.47289e-014
1.59432e-007
3.8742e-010
9.41432e-013
9.41432e-013
1.77147e-006
4.50284e-020
1.16226e-010
7.6256e-015
9.41432e-013
8.47289e-014
5.9049e-006
1.16226e-010
4.78297e-008
9.41432e-013
3.48678e-011
8.47289e-014
3.13811e-012
1.85302e-017
5.9049e-006
2.8243e-013
6.17673e-017
2.8243e-013
7.6256e-015
1.59432e-007
4.78297e-008
1.59432e-007
1.77147e-006
1.59432e-007
3.13811e-012
0.0081
1.43489e-008
5.9049e-006
5.31441e-007
2.28768e-015
3.8742e-010
1.85302e-017
4.78297e-008
2.05891e-016
3.13811e-012
7.6256e-015
2.05891e-016
8.47289e-014
8.47289e-014
1.9683e-005
3.48678e-011
2.54187e-014
3.48678e-011
7.6256e-015
8.47289e-014
7.6256e-015
7.6256e-015
2.28768e-015
1.43489e-008
1.04604e-011
1.59432e-007
1.16226e-010
3.8742e-010
1.04604e-011
2.28768e-015
4.78297e-008
0.00243
0.0002187
1.9683e-005
4.30467e-009
3.13811e-012
1.21577e-021
9.41432e-013
3.13811e-012
6.86304e-016
5.55906e-018
3.6473e-022
4.50284e-020
3.28257e-023
3.13811e-012
1.77147e-006
0.0081
9.41432e-013
4.30467e-009
1.16226e-010
1.77147e-006
0.000729
1.59432e-007
6.86304e-016
0.0002187
0.000729
5.9049e-006
1.9683e-005
0.000729
3.13811e-012
6.17673e-017
6.17673e-017
4.05256e-021
2.54187e-014
5.00315e-019
2.05891e-016
1.50095e-019
1.66772e-018
2.54187e-014
1.04604e-011
4.50284e-020
4.50284e-020
1.85302e-017
9.84771e-024
6.86304e-016
4.50284e-020
3.48678e-011
2.39299e-026
4.05256e-021
4.30467e-009
4.30467e-009
0.00243
1.59432e-007
1.16226e-010
5.55906e-018
4.05256e-021
5.55906e-018
3.6473e-022
4.50284e-020
3.8742e-010
3.48678e-011
3.48678e-011
3.8742e-010
6.86304e-016
2.50316e-037
2.65888e-025
5.55906e-018
2.05891e-016
1.35085e-020
8.86294e-025
2.39299e-026
3.6473e-022
1.85302e-017
4.05256e-021
2.90932e-047
2.95431e-024
4.05256e-021
3.6473e-022
4.05256e-021
1.09419e-022
1.50095e-019
2.65888e-025
2.15369e-027
5.55906e-018
1.09419e-022
1.66772e-018
4.50284e-020
