4.76837e-007
3.05176e-005
2.27374e-013
1.16415e-010
9.31323e-010
5.96046e-008
1.16415e-010
9.31323e-010
7.45058e-009
3.05176e-005
7.45058e-009
4.76837e-007
3.8147e-006
1.45519e-011
4.44089e-016
4.76837e-007
4.76837e-007
3.8147e-006
1.81899e-012
3.8147e-006
9.31323e-010
0.000244141
3.8147e-006
1.45519e-011
7.45058e-009
1.45519e-011
1.16415e-010
5.96046e-008
5.96046e-008
2.27374e-013
9.31323e-010
7.45058e-009
1.16415e-010
4.76837e-007
7.45058e-009
7.45058e-009
0.000244141
1.81899e-012
3.8147e-006
4.76837e-007
2.84217e-014
9.31323e-010
7.45058e-009
2.84217e-014
1.45519e-011
3.8147e-006
5.96046e-008
3.8147e-006
4.44089e-016
2.27374e-013
1.81899e-012
9.31323e-010
7.45058e-009
3.05176e-005
0.000244141
9.31323e-010
3.05176e-005
1.81899e-012
5.55112e-017
9.31323e-010
4.76837e-007
5.55112e-017
7.45058e-009
1.45519e-011
7.45058e-009
1.81899e-012
1.16415e-010
4.76837e-007
4.76837e-007
7.45058e-009
1.16415e-010
9.31323e-010
3.55271e-015
2.84217e-014
1.81899e-012
1.16415e-010
5.55112e-017
2.27374e-013
3.55271e-015
3.8147e-006
2.27374e-013
9.31323e-010
7.45058e-009
2.27374e-013
2.27374e-013
4.76837e-007
5.96046e-008
3.05176e-005
4.76837e-007
5.96046e-008
7.45058e-009
1.45519e-011
4.44089e-016
1.45519e-011
9.31323e-010
3.8147e-006
1.81899e-012
2.84217e-014
1.45519e-011
9.31323e-010
2.27374e-013
1.81899e-012
1.45519e-011
4.76837e-007
7.45058e-009
1.45519e-011
1.16415e-010
7.45058e-009
3.8147e-006
5.96046e-008
3.05176e-005
3.8147e-006
1.16415e-010
1.81899e-012
1.16415e-010
3.8147e-006
9.31323e-010
1.45519e-011
1.16415e-010
9.31323e-010
5.96046e-008
7.45058e-009
5.96046e-008
7.45058e-009
5.96046e-008
0.000244141
3.8147e-006
5.96046e-008
3.8147e-006
0.000244141
0.00195312
0.015625
3.05176e-005
3.05176e-005
5.96046e-008
4.76837e-007
9.31323e-010
0.000244141
7.45058e-009
1.81899e-012
2.84217e-014
4.76837e-007
7.45058e-009
1.45519e-011
1.45519e-011
5.96046e-008
9.31323e-010
5.96046e-008
1.81899e-012
9.31323e-010
0.000244141
0.000244141
5.96046e-008
5.96046e-008
3.05176e-005
5.96046e-008
1.45519e-011
0.000244141
9.31323e-010
9.31323e-010
5.55112e-017
5.96046e-008
7.45058e-009
2.84217e-014
1.16415e-010
2.27374e-013
3.8147e-006
7.45058e-009
7.45058e-009
5.96046e-008
7.45058e-009
5.96046e-008
3.55271e-015
2.27374e-013
1.16415e-010
5.96046e-008
3.8147e-006
9.31323e-010
1.81899e-012
7.45058e-009
4.76837e-007
0.015625
5.96046e-008
7.45058e-009
9.31323e-010
4.76837e-007
9.31323e-010
3.8147e-006
3.8147e-006
5.96046e-008
1.81899e-012
3.05176e-005
7.45058e-009
3.8147e-006
7.45058e-009
1.16415e-010
3.8147e-006
1.16415e-010
4.76837e-007
7.45058e-009
7.45058e-009
5.96046e-008
9.31323e-010
4.76837e-007
0.000244141
1.81899e-012
3.8147e-006
7.45058e-009
5.96046e-008
1.45519e-011
5.96046e-008
4.76837e-007
3.8147e-006
9.31323e-010
1.45519e-011
1.45519e-011
7.45058e-009
7.45058e-009
1.45519e-011
5.96046e-008
1.16415e-010
4.76837e-007
9.31323e-010
7.45058e-009
1.81899e-012
1.81899e-012
1.81899e-012
0.000244141
1.45519e-011
9.31323e-010
1.81899e-012
7.45058e-009
1.16415e-010
9.31323e-010
1.45519e-011
1.16415e-010
1.45519e-011
9.31323e-010
0.00195312
1
0.125
5.96046e-008
4.76837e-007
7.45058e-009
1.16415e-010
7.45058e-009
7.45058e-009
9.31323e-010
9.31323e-010
3.05176e-005
5.96046e-008
4.76837e-007
5.96046e-008
9.31323e-010
1.16415e-010
1.81899e-012
2.84217e-014
7.45058e-009
1.45519e-011
1.16415e-010
2.27374e-013
5.96046e-008
0.00195312
1.45519e-011
5.96046e-008
4.76837e-007
4.76837e-007
5.96046e-008
1.45519e-011
3.55271e-015
1.45519e-011
2.27374e-013
4.76837e-007
2.84217e-014
4.44089e-016
4.44089e-016
1.16415e-010
1.81899e-012
3.55271e-015
6.93889e-018
2.27374e-013
6.93889e-018
5.96046e-008
3.8147e-006
0.125
0.000244141
4.76837e-007
3.05176e-005
0.000244141
3.05176e-005
0.00195312
3.8147e-006
5.96046e-008
5.96046e-008
5.96046e-008
4.76837e-007
0.00195312
4.76837e-007
0.125
1.16415e-010
0.00195312
0.000244141
4.76837e-007
5.96046e-008
0.00195312
4.76837e-007
3.8147e-006
4.76837e-007
0.00195312
3.05176e-005
0.015625
9.31323e-010
9.31323e-010
1.16415e-010
3.8147e-006
1.81899e-012
1.16415e-010
4.76837e-007
4.76837e-007
3.8147e-006
4.76837e-007
3.8147e-006
3.05176e-005
3.8147e-006
4.76837e-007
4.76837e-007
4.76837e-007
1
7.45058e-009
2.27374e-013
5.96046e-008
0.000244141
3.8147e-006
0.015625
3.05176e-005
0.000244141
0.000244141
3.8147e-006
7.45058e-009
0.015625
