0.000981506
5.44268e-006
0.000981506
0.00554523
0.00554523
0.000173727
0.000173727
0.000173727
9.63355e-007
0.000173727
9.63355e-007
5.34203e-009
0.177
0.031329
0.000173727
0.00554523
0.177
5.44268e-006
0.000173727
3.07496e-005
1.70514e-007
0.031329
0.000173727
5.34203e-009
5.34203e-009
0.177
3.07496e-005
3.07496e-005
1.70514e-007
5.14626e-015
0.000173727
0.177
0.031329
3.07496e-005
3.07496e-005
5.34203e-009
9.45538e-010
5.34203e-009
1.70514e-007
3.01809e-008
1.70514e-007
5.34203e-009
5.44268e-006
3.07496e-005
5.34203e-009
2.85372e-017
5.14626e-015
5.24323e-012
5.14626e-015
1.64265e-013
5.24323e-012
1.70514e-007
0.00554523
0.177
0.000981506
0.177
0.00554523
3.01809e-008
5.34203e-009
9.45538e-010
9.28052e-013
1.6736e-010
3.07496e-005
5.44268e-006
3.07496e-005
5.34203e-009
3.01809e-008
9.45538e-010
0.031329
1.70514e-007
1.70514e-007
3.07496e-005
5.34203e-009
1.6736e-010
2.96228e-011
2.96228e-011
5.44268e-006
9.45538e-010
1.64265e-013
9.63355e-007
9.63355e-007
9.45538e-010
0.00554523
9.63355e-007
1.6736e-010
9.28052e-013
1.70514e-007
0.00554523
0.000981506
5.44268e-006
9.63355e-007
1.70514e-007
0.177
2.90749e-014
2.80095e-020
1.70514e-007
9.63355e-007
0.000173727
3.07496e-005
9.63355e-007
1.6736e-010
3.01809e-008
9.63355e-007
0.000981506
1.70514e-007
9.63355e-007
5.34203e-009
3.07496e-005
0.00554523
0.00554523
9.63355e-007
0.000173727
1.6736e-010
5.34203e-009
5.24323e-012
5.14626e-015
9.28052e-013
8.94043e-019
3.01809e-008
9.10889e-016
9.28052e-013
9.28052e-013
5.05109e-018
5.14626e-015
2.90749e-014
2.85372e-017
2.85372e-017
1.61227e-016
5.05109e-018
9.28052e-013
1.6736e-010
9.45538e-010
5.05109e-018
1.64265e-013
9.28052e-013
5.14626e-015
4.95768e-021
8.94043e-019
5.05109e-018
9.28052e-013
1.70514e-007
3.01809e-008
2.85372e-017
1.6736e-010
5.24323e-012
5.34203e-009
2.90749e-014
5.44268e-006
1.64265e-013
2.96228e-011
1.6736e-010
2.90749e-014
5.24323e-012
2.90749e-014
1.70514e-007
2.90749e-014
5.24323e-012
5.34203e-009
8.94043e-019
1.64265e-013
3.01809e-008
4.95768e-021
9.10889e-016
1.61227e-016
5.24323e-012
3.01809e-008
0.000981506
9.63355e-007
1.61227e-016
5.24323e-012
5.34203e-009
9.45538e-010
1.6736e-010
5.05109e-018
5.24323e-012
9.28052e-013
2.80095e-020
2.96228e-011
1.64265e-013
2.90749e-014
1.6736e-010
9.45538e-010
5.44268e-006
2.90749e-014
1.61227e-016
1.6736e-010
3.01809e-008
5.24323e-012
1.70514e-007
1.70514e-007
5.14626e-015
3.01809e-008
2.96228e-011
1.6736e-010
1.6736e-010
1.64265e-013
1.6736e-010
9.10889e-016
1.70514e-007
5.24323e-012
5.24323e-012
3.01809e-008
1.64265e-013
2.90749e-014
1.64265e-013
1.64265e-013
1.6736e-010
9.28052e-013
2.90749e-014
1.61227e-016
8.77509e-022
2.96228e-011
5.14626e-015
1.6736e-010
9.10889e-016
2.74915e-023
9.28052e-013
5.44268e-006
2.96228e-011
9.10889e-016
8.94043e-019
1.64265e-013
9.28052e-013
5.34203e-009
5.24323e-012
5.24323e-012
5.34203e-009
1.70514e-007
8.6128e-025
8.94043e-019
5.24323e-012
1.61227e-016
1.6736e-010
2.85372e-017
2.96228e-011
2.90749e-014
2.85372e-017
9.45538e-010
2.69831e-026
2.19743e-059
1.26488e-055
5.05109e-018
5.34203e-009
1.64265e-013
9.10889e-016
2.90749e-014
5.34203e-009
1.58246e-019
5.05109e-018
5.24323e-012
1.64265e-013
2.85372e-017
1.61227e-016
3.01809e-008
0.000173727
1.6736e-010
1.64265e-013
1.6736e-010
8.94043e-019
1.61227e-016
5.14626e-015
1.64265e-013
2.80095e-020
1.64265e-013
9.10889e-016
9.10889e-016
1.58246e-019
5.14626e-015
8.45352e-028
1.6736e-010
0.000173727
9.28052e-013
1.64265e-013
5.24323e-012
9.28052e-013
3.01809e-008
9.10889e-016
2.90749e-014
5.34203e-009
1.64265e-013
5.44268e-006
5.44268e-006
2.96228e-011
5.34203e-009
9.63355e-007
1.64265e-013
9.63355e-007
9.45538e-010
3.01809e-008
1.6736e-010
1.64265e-013
9.28052e-013
3.01809e-008
3.07496e-005
5.05109e-018
4.86599e-024
1.64265e-013
5.05109e-018
2.85372e-017
9.28052e-013
5.14626e-015
1.61227e-016
9.63355e-007
5.34203e-009
3.07496e-005
3.07496e-005
9.63355e-007
9.63355e-007
5.14626e-015
2.96228e-011
5.34203e-009
9.45538e-010
5.44268e-006
0.00554523
2.96228e-011
1.58246e-019
5.05109e-018
9.45538e-010
9.28052e-013
3.01809e-008
2.96228e-011
5.24323e-012
1.64265e-013
9.10889e-016
3.01809e-008
3.01809e-008
5.34203e-009
1
5.05109e-018
2.80095e-020
1.61227e-016
9.28052e-013
2.85372e-017
2.90749e-014
5.24323e-012
9.28052e-013
9.10889e-016
9.10889e-016
9.28052e-013
5.05109e-018
