0.00019969
0.00602857
0.00019969
1.32086e-009
0.0010972
6.61454e-006
3.63436e-005
7.25747e-009
1.32086e-009
2.191e-007
1.44925e-012
2.40396e-010
0.00602857
0.00019969
2.191e-007
1.20385e-006
0.00602857
7.96289e-012
1.20385e-006
1.44925e-012
7.25747e-009
0.033124
2.191e-007
5.26709e-017
4.37522e-011
3.63436e-005
2.191e-007
7.96289e-012
3.63436e-005
8.73688e-015
1.20385e-006
3.63436e-005
0.182
6.61454e-006
7.25747e-009
6.61454e-006
1.20385e-006
2.63763e-013
5.26709e-017
8.73688e-015
4.37522e-011
6.61454e-006
0.00019969
0.00019969
1.32086e-009
2.30446e-027
9.5861e-018
3.1753e-019
3.48394e-022
1.74467e-018
1.05179e-020
2.10031e-024
0.00602857
0.0010972
0.0010972
0.033124
6.61454e-006
7.96289e-012
4.80048e-014
1.74467e-018
1.05179e-020
7.25747e-009
1.44925e-012
1.44925e-012
1.32086e-009
2.40396e-010
2.191e-007
7.25747e-009
2.191e-007
1.32086e-009
4.37522e-011
4.37522e-011
4.37522e-011
1.32086e-009
1.44925e-012
2.10031e-024
2.894e-016
1.59011e-015
4.37522e-011
2.40396e-010
2.40396e-010
7.96289e-012
0.0010972
1.20385e-006
5.77905e-020
2.191e-007
7.25747e-009
6.61454e-006
1.20385e-006
3.98762e-008
1.20385e-006
1.32086e-009
1.20385e-006
4.80048e-014
4.19412e-028
7.25747e-009
2.40396e-010
3.98762e-008
4.37522e-011
1.20385e-006
9.5861e-018
3.98762e-008
1.32086e-009
6.61454e-006
1.59011e-015
3.98762e-008
3.63436e-005
1.20385e-006
0.0010972
7.25747e-009
2.894e-016
1.26619e-026
1.74467e-018
4.37522e-011
5.26709e-017
4.80048e-014
1.59011e-015
3.1753e-019
1.32086e-009
1.59011e-015
5.26709e-017
7.96289e-012
1.05179e-020
4.37522e-011
2.191e-007
3.63436e-005
2.63763e-013
2.191e-007
4.80048e-014
3.63436e-005
4.37522e-011
7.96289e-012
3.98762e-008
3.63436e-005
7.25747e-009
1.32086e-009
5.77905e-020
2.894e-016
2.40396e-010
3.1753e-019
3.82257e-025
6.34076e-023
7.25747e-009
3.1753e-019
1.59011e-015
1.91425e-021
4.80048e-014
1.59011e-015
5.77905e-020
4.37522e-011
3.63436e-005
1.20385e-006
1.32086e-009
6.61454e-006
1.20385e-006
1.20385e-006
1.05179e-020
1.74467e-018
5.77905e-020
1.15402e-023
2.894e-016
1.74467e-018
2.10031e-024
3.1753e-019
3.48394e-022
7.96289e-012
0.00602857
7.25747e-009
3.48394e-022
4.19412e-028
1.15402e-023
1.05179e-020
1.74467e-018
1.91425e-021
1.44925e-012
4.80048e-014
3.48394e-022
6.34076e-023
5.26709e-017
3.48394e-022
1.05179e-020
3.33974e-039
3.98762e-008
1.74467e-018
9.5861e-018
3.82257e-025
3.48394e-022
2.894e-016
2.63763e-013
7.96289e-012
1.26619e-026
5.26709e-017
1.05179e-020
1.05179e-020
1.74467e-018
1.44925e-012
6.95708e-026
5.77905e-020
4.80048e-014
5.26709e-017
3.48394e-022
2.63763e-013
1.26619e-026
1.15402e-023
6.34076e-023
1.05179e-020
9.18933e-035
1.05179e-020
3.1753e-019
4.37522e-011
2.63763e-013
4.37522e-011
1.26619e-026
4.80048e-014
1.15402e-023
2.30446e-027
1.91425e-021
1.59011e-015
3.1753e-019
1.26619e-026
1.5243e-032
3.33974e-039
6.34076e-023
2.10031e-024
4.80048e-014
6.95708e-026
6.34076e-023
4.37522e-011
1.15402e-023
1.91425e-021
3.98762e-008
5.26709e-017
2.63763e-013
4.19412e-028
1.59011e-015
5.26709e-017
3.1753e-019
7.63331e-029
4.80048e-014
1.44925e-012
3.1753e-019
1.05179e-020
2.63763e-013
2.894e-016
5.77905e-020
2.894e-016
2.894e-016
2.30446e-027
2.63763e-013
3.1753e-019
1.5243e-032
1.5243e-032
4.37522e-011
1.91425e-021
8.73688e-015
8.73688e-015
1.44925e-012
1.74467e-018
1.74467e-018
5.77905e-020
7.96289e-012
5.26709e-017
3.1753e-019
2.40396e-010
1.44925e-012
7.96289e-012
2.63763e-013
4.60179e-031
2.63763e-013
2.63763e-013
2.894e-016
4.37522e-011
1.59011e-015
3.1753e-019
6.34076e-023
1.74467e-018
2.40396e-010
3.1753e-019
1.05179e-020
1.59011e-015
1.74467e-018
3.04387e-036
1.74467e-018
1.20385e-006
7.25747e-009
3.98762e-008
1.32086e-009
2.191e-007
1.20385e-006
3.63436e-005
1.32086e-009
7.96289e-012
4.37522e-011
6.61454e-006
1.32086e-009
1.05179e-020
1.44925e-012
7.25747e-009
1.59011e-015
4.37522e-011
1.44925e-012
7.25747e-009
2.40396e-010
1.20385e-006
0.00019969
0.00019969
0.0010972
3.63436e-005
3.63436e-005
3.98762e-008
3.63436e-005
2.40396e-010
3.63436e-005
1.32086e-009
1.32086e-009
1.15402e-023
2.894e-016
3.98762e-008
7.96289e-012
4.80048e-014
1.20385e-006
3.1753e-019
1.44925e-012
8.73688e-015
2.191e-007
2.40396e-010
1.44925e-012
1
1.59011e-015
5.26709e-017
3.98762e-008
1.32086e-009
1.44925e-012
1.32086e-009
1.32086e-009
3.98762e-008
3.1753e-019
1.20385e-006
2.894e-016
3.82257e-025
