2.07471e-009
1.6762e-005
5.1528e-012
1.03395e-010
4.16306e-008
1.53201e-008
1.13127e-007
6.16842e-006
4.55489e-005
1.6762e-005
0.000336343
1.6762e-005
4.16306e-008
7.63491e-010
1.27976e-014
1.27976e-014
1.27976e-014
6.37784e-016
2.07471e-009
1.13127e-007
1.13127e-007
5.1528e-012
1.53201e-008
0.000123774
8.35352e-007
0.000123774
1.13127e-007
2.56795e-013
2.80965e-010
0.00248363
6.16842e-006
5.1528e-012
2.80965e-010
0.000123774
3.07409e-007
6.16842e-006
2.07471e-009
4.55489e-005
5.1528e-012
6.97813e-013
0.00674899
0.00248363
2.26998e-006
4.55489e-005
0.000123774
0.0183397
0.000123774
4.55489e-005
0.000336343
0.000123774
0.000123774
4.55489e-005
3.80494e-011
2.56795e-013
9.7709e-024
2.34705e-016
5.32774e-022
2.07471e-009
0.049836
8.35352e-007
4.16306e-008
8.35352e-007
0.000336343
5.63779e-009
1.13127e-007
0.000913976
0.000336343
3.80494e-011
4.16306e-008
8.35352e-007
0.000336343
3.80494e-011
0.000123774
0.00674899
0.00674899
0.000336343
5.1528e-012
4.55489e-005
2.26998e-006
4.55489e-005
0.000336343
6.16842e-006
4.55489e-005
1.6762e-005
0.000123774
4.55489e-005
2.26998e-006
1.40022e-011
1.03395e-010
4.55489e-005
5.1528e-012
4.55489e-005
0.0183397
6.16842e-006
0.368
0.000123774
1.03395e-010
8.35352e-007
2.07471e-009
0.000913976
0.135424
4.55489e-005
4.55489e-005
2.26998e-006
4.16306e-008
1.13127e-007
6.16842e-006
0.000913976
2.07471e-009
2.07471e-009
3.80494e-011
5.63779e-009
0.000123774
0.00248363
3.07409e-007
1.6762e-005
5.63779e-009
0.00674899
0.000336343
0.00674899
4.55489e-005
0.00674899
0.135424
0.0183397
0.049836
0.00674899
1.6762e-005
0.049836
0.049836
0.0183397
0.049836
0.00248363
0.135424
4.55489e-005
0.00674899
0.135424
0.368
0.135424
0.135424
0.049836
0.00248363
6.16842e-006
6.16842e-006
1.6762e-005
0.0183397
8.35352e-007
0.00674899
1.13127e-007
0.000336343
0.000123774
0.00674899
0.0183397
0.000913976
0.000336343
0.049836
6.16842e-006
0.000336343
0.00674899
0.0183397
0.000123774
4.55489e-005
0.000913976
0.000913976
0.0183397
0.000336343
0.000123774
4.16306e-008
6.16842e-006
1.6762e-005
0.000913976
0.0183397
0.000336343
1.53201e-008
0.00674899
0.000123774
0.000913976
0.135424
0.049836
0.000336343
0.0183397
4.16306e-008
4.16306e-008
1.13127e-007
3.07409e-007
4.55489e-005
2.26998e-006
3.07409e-007
0.000913976
8.35352e-007
2.26998e-006
0.000123774
4.55489e-005
0.000123774
0.000913976
1.53201e-008
4.55489e-005
4.55489e-005
6.16842e-006
6.16842e-006
0.00674899
0.000123774
1.6762e-005
0.049836
0.049836
2.26998e-006
4.55489e-005
1.6762e-005
0.00674899
0.000913976
6.16842e-006
0.000913976
0.00674899
1.6762e-005
0.000123774
0.00674899
0.0183397
0.00248363
2.80965e-010
1.13127e-007
0.135424
0.0183397
4.55489e-005
0.00674899
2.26998e-006
0.000336343
0.00248363
8.35352e-007
0.00674899
0.368
0.0183397
0.0183397
0.000913976
0.00248363
0.049836
0.00674899
0.00248363
0.00674899
7.63491e-010
4.55489e-005
1
1
0.0183397
4.55489e-005
0.00248363
0.135424
1.6762e-005
6.16842e-006
0.000336343
1.6762e-005
8.35352e-007
0.000336343
0.135424
0.049836
0.000913976
1.13127e-007
2.26998e-006
4.55489e-005
6.16842e-006
0.000913976
0.00248363
2.26998e-006
0.0183397
0.000913976
0.000336343
0.135424
0.049836
0.135424
0.000913976
0.00248363
3.80494e-011
0.000913976
0.000123774
1.6762e-005
3.07409e-007
0.000336343
1.6762e-005
4.55489e-005
2.80965e-010
4.16306e-008
4.55489e-005
2.26998e-006
0.000336343
4.55489e-005
2.26998e-006
8.35352e-007
0.000336343
4.55489e-005
6.16842e-006
1.6762e-005
4.55489e-005
4.55489e-005
0.000123774
0.000123774
4.55489e-005
0.049836
1
0.0183397
0.00674899
0.135424
0.000913976
0.00248363
0.0183397
4.16306e-008
1.40022e-011
6.37784e-016
1.89623e-012
3.47762e-014
2.07471e-009
0.000336343
0.000123774
0.000913976
0.000913976
8.35352e-007
2.26998e-006
2.26998e-006
0.000913976
0.368
0.0183397
0.135424
0.000336343
0.000123774
0.00248363
0.000336343
0.049836
0.00248363
0.0183397
0.000123774
1
0.049836
0.0183397
0.00674899
0.00248363
0.00248363
0.049836
0.049836
0.0183397
0.00674899
0.0183397
0.135424
1
