1.88402e-009
1.26587e-012
1.1702e-008
2.80402e-006
5.28282e-015
8.50534e-016
3.03327e-010
3.03327e-010
7.86253e-012
5.28282e-015
4.88356e-011
1.88402e-009
2.03805e-013
2.03805e-013
0.025921
2.80402e-006
1.88402e-009
0.000108176
7.86253e-012
1.26587e-012
3.03327e-010
7.86253e-012
4.88356e-011
4.51447e-007
4.88356e-011
8.50534e-016
2.03805e-013
0.000671898
3.03327e-010
3.03327e-010
3.28125e-014
4.88356e-011
3.03327e-010
2.20467e-017
1.88402e-009
8.50534e-016
1.88402e-009
1.26587e-012
1.74163e-005
2.80402e-006
7.86253e-012
4.88356e-011
1.26587e-012
2.03805e-013
7.86253e-012
7.2683e-008
1.1702e-008
3.03327e-010
1.74163e-005
4.88356e-011
1.74163e-005
1.88402e-009
2.03805e-013
4.51447e-007
1.74163e-005
7.2683e-008
0.00417328
7.86253e-012
7.86253e-012
1.88402e-009
0.000108176
1.26587e-012
1.88402e-009
7.86253e-012
7.2683e-008
7.86253e-012
2.03805e-013
2.80402e-006
3.03327e-010
8.50534e-016
2.20467e-017
3.28125e-014
4.88356e-011
8.50534e-016
3.28125e-014
4.51447e-007
1.74163e-005
4.51447e-007
1.88402e-009
2.03805e-013
7.86253e-012
1.1702e-008
2.03805e-013
3.28125e-014
7.2683e-008
4.88356e-011
4.88356e-011
3.28125e-014
4.51447e-007
1.88402e-009
1.1702e-008
1.36936e-016
3.54952e-018
1.1702e-008
1.1702e-008
2.03805e-013
2.80402e-006
2.20467e-017
7.2683e-008
1.36936e-016
2.20467e-017
7.86253e-012
2.03805e-013
3.54952e-018
7.86253e-012
2.03805e-013
1.1702e-008
5.28282e-015
8.50534e-016
1.1702e-008
0.000108176
1.1702e-008
4.51447e-007
1.26587e-012
0.000108176
1.1702e-008
2.80402e-006
4.51447e-007
4.88356e-011
1.1702e-008
1.1702e-008
4.88356e-011
4.88356e-011
1.88402e-009
3.03327e-010
4.51447e-007
7.2683e-008
1.1702e-008
1.88402e-009
7.86253e-012
1.26587e-012
2.03805e-013
1.88402e-009
5.28282e-015
5.28282e-015
1.36936e-016
1.74163e-005
1.1702e-008
3.03327e-010
0.000108176
7.86253e-012
7.2683e-008
1.1702e-008
3.03327e-010
1.26587e-012
7.2683e-008
7.86253e-012
2.80402e-006
1.1702e-008
4.88356e-011
2.03805e-013
3.03327e-010
4.88356e-011
1.26587e-012
1.48131e-020
1.88402e-009
3.03327e-010
1.88402e-009
1.1702e-008
0.000108176
1.88402e-009
4.51447e-007
0.000108176
7.2683e-008
7.2683e-008
1.26587e-012
7.86253e-012
5.28282e-015
4.51447e-007
0.025921
1.88402e-009
4.51447e-007
4.51447e-007
4.51447e-007
1.88402e-009
2.20467e-017
1.1702e-008
1.36936e-016
1.1702e-008
3.03327e-010
0.000671898
0.025921
1.88402e-009
0.00417328
1.74163e-005
0.000108176
7.2683e-008
4.51447e-007
2.80402e-006
7.2683e-008
0.000108176
3.03327e-010
4.51447e-007
1.88402e-009
1.74163e-005
1.88402e-009
1.74163e-005
4.51447e-007
3.28125e-014
8.50534e-016
3.03327e-010
2.03805e-013
1.74163e-005
1.1702e-008
2.80402e-006
2.80402e-006
4.51447e-007
4.88356e-011
7.2683e-008
1.1702e-008
0.000108176
1.26587e-012
4.51447e-007
1.88402e-009
1.1702e-008
0.025921
1.1702e-008
1.74163e-005
3.03327e-010
2.80402e-006
2.80402e-006
4.51447e-007
4.51447e-007
7.2683e-008
1.1702e-008
1.74163e-005
0.000671898
2.20467e-017
1.74163e-005
7.2683e-008
7.86253e-012
2.80402e-006
3.28125e-014
0.000108176
7.2683e-008
1.1702e-008
4.88356e-011
2.80402e-006
1.88402e-009
0.161
0.00417328
1.1702e-008
5.28282e-015
1.88402e-009
3.28125e-014
0.000108176
2.80402e-006
0.000671898
1.88402e-009
0.000671898
0.000108176
7.2683e-008
9.2007e-020
7.86253e-012
1.1702e-008
2.80402e-006
0.000108176
7.86253e-012
7.2683e-008
1.1702e-008
3.03327e-010
7.2683e-008
1.88402e-009
1.26587e-012
8.50534e-016
1.88402e-009
3.03327e-010
7.2683e-008
1.74163e-005
0.000671898
4.88356e-011
1.26587e-012
3.03327e-010
2.80402e-006
2.80402e-006
1.1702e-008
4.51447e-007
1.74163e-005
4.88356e-011
1.74163e-005
7.86253e-012
1.1702e-008
3.03327e-010
1.36936e-016
4.88356e-011
1.1702e-008
7.86253e-012
3.03327e-010
2.03805e-013
7.86253e-012
1.26587e-012
1.1702e-008
3.03327e-010
1.26587e-012
7.86253e-012
2.80402e-006
2.03805e-013
5.28282e-015
1.26587e-012
3.03327e-010
1.26587e-012
7.86253e-012
7.86253e-012
7.2683e-008
1.1702e-008
1.88402e-009
1.1702e-008
7.2683e-008
3.03327e-010
7.86253e-012
2.03805e-013
3.03327e-010
7.86253e-012
1.26587e-012
3.03327e-010
1.74163e-005
1.88402e-009
3.28125e-014
3.03327e-010
1.26587e-012
4.88356e-011
4.51447e-007
4.88356e-011
5.28282e-015
8.50534e-016
1.26587e-012
1.36936e-016
9.15738e-043
2.80402e-006
1.88402e-009
7.86253e-012
8.50534e-016
4.88356e-011
2.03805e-013
8.50534e-016
3.28125e-014
7.2683e-008
7.86253e-012
2.03805e-013
1.88402e-009
