2.70868e-012
9.08953e-012
1.46154e-007
0.000208696
1.89695e-015
5.6529e-016
9.08953e-012
6.3656e-015
1.46154e-007
1.02355e-010
1.15259e-009
1.29791e-008
5.52284e-006
1.89695e-015
0.000208696
0.00788615
3.43473e-010
0.000208696
7.16814e-014
1.64581e-006
1.46154e-007
3.86777e-009
1.02355e-010
1.29791e-008
3.43473e-010
3.51562e-020
4.3554e-008
0.00235007
1.8533e-005
6.21914e-005
2.70868e-012
1.89695e-015
9.08953e-012
6.3656e-015
1.02355e-010
7.16814e-014
4.3554e-008
3.86777e-009
0.00235007
0.088804
1.8533e-005
1.46154e-007
3.05018e-011
2.70868e-012
6.21914e-005
0.00788615
0.000700322
0.00235007
0.00235007
6.21914e-005
1.46154e-007
0.00235007
5.02001e-017
3.51562e-020
1.29791e-008
4.3554e-008
4.3554e-008
0.0264636
2.40542e-013
1.8533e-005
0.00235007
1.46154e-007
5.52284e-006
5.52284e-006
1.15259e-009
1.46154e-007
4.3554e-008
0.00788615
9.08953e-012
4.9045e-007
1.46154e-007
0.000208696
4.3554e-008
1.64581e-006
9.08953e-012
1.8533e-005
0.00788615
6.21914e-005
5.52284e-006
1.15259e-009
9.08953e-012
3.05018e-011
8.07187e-013
2.40542e-013
4.9045e-007
1.46154e-007
1.29791e-008
3.05018e-011
2.40542e-013
1.32847e-018
0.00788615
1.02355e-010
3.95885e-019
0.000700322
6.21914e-005
6.3656e-015
1.8533e-005
3.05018e-011
1.46154e-007
1.02355e-010
6.21914e-005
1.29791e-008
2.70868e-012
1.8533e-005
6.21914e-005
9.08953e-012
1.15259e-009
1.64581e-006
1.64581e-006
4.9045e-007
0.00235007
5.52284e-006
0.000208696
4.9045e-007
0.00235007
0.000208696
0.000208696
6.21914e-005
1.8533e-005
0.00788615
0.0264636
0.000208696
6.21914e-005
0.000208696
0.00235007
0.00788615
0.00788615
0.088804
0.298
0.0264636
0.000208696
6.21914e-005
1.8533e-005
1.8533e-005
0.000700322
1.29791e-008
0.298
0.00788615
0.00788615
0.000208696
0.00235007
0.000700322
0.000208696
0.00235007
0.00235007
0.000208696
1.64581e-006
0.00788615
0.00788615
1.15259e-009
5.52284e-006
0.00235007
1.46154e-007
0.000700322
3.43473e-010
1.8533e-005
0.000208696
0.00788615
0.000208696
6.21914e-005
0.00235007
0.0264636
0.00788615
0.000208696
0.000700322
5.52284e-006
3.51562e-020
4.9045e-007
0.088804
0.298
5.52284e-006
0.000700322
0.000208696
0.000208696
6.21914e-005
0.00235007
0.0264636
0.298
6.21914e-005
0.00788615
6.21914e-005
0.000208696
6.21914e-005
0.0264636
0.088804
6.21914e-005
0.00788615
0.00788615
0.0264636
1.64581e-006
0.00235007
0.00788615
0.000208696
1.64581e-006
1.8533e-005
1.8533e-005
0.088804
0.298
3.86777e-009
1.64581e-006
0.0264636
0.00235007
1.64581e-006
0.00235007
0.298
0.0264636
0.0264636
0.00235007
0.000700322
5.52284e-006
0.298
0.000700322
1
6.21914e-005
0.0264636
0.298
0.0264636
1.64581e-006
1.8533e-005
0.088804
6.21914e-005
0.0264636
0.00235007
0.000700322
4.9045e-007
4.3554e-008
0.00788615
6.21914e-005
0.298
6.21914e-005
5.6529e-016
0.298
1.64581e-006
0.00235007
0.000208696
6.21914e-005
0.000700322
6.21914e-005
0.00788615
1
1
0.00235007
0.000208696
0.088804
0.00235007
0.0264636
0.0264636
0.00788615
0.000700322
0.00235007
1
0.00235007
0.000700322
1.64581e-006
0.000208696
1.46154e-007
0.00235007
0.000700322
0.0264636
0.0264636
1.8533e-005
5.52284e-006
0.0264636
0.00235007
0.000208696
1.46154e-007
0.000208696
0.000700322
1.8533e-005
1.8533e-005
6.21914e-005
1.46154e-007
0.000208696
1.64581e-006
6.21914e-005
4.3554e-008
0.298
0.000700322
0.00788615
1.46154e-007
0.00235007
6.21914e-005
0.0264636
5.52284e-006
0.000208696
0.000700322
1.15259e-009
0.088804
4.9045e-007
6.21914e-005
5.52284e-006
4.9045e-007
1.15259e-009
1.29791e-008
0.00788615
5.52284e-006
6.21914e-005
0.00235007
0.000700322
3.86777e-009
0.088804
0.00788615
5.52284e-006
1.64581e-006
4.9045e-007
0.00235007
0.000208696
0.00788615
0.000700322
1.64581e-006
0.000208696
6.21914e-005
2.70868e-012
0.000700322
0.00788615
0.088804
1.8533e-005
0.088804
0.00235007
1.8533e-005
4.9045e-007
0.000208696
0.00235007
0.00235007
1.8533e-005
0.000208696
0.00235007
0.00788615
0.00235007
0.088804
1.64581e-006
0.000700322
0.000700322
0.000208696
0.000700322
0.0264636
1.8533e-005
0.00235007
0.000208696
0.00788615
