4.25293e-010
1.13411e-009
2.90006e-006
0.00104284
1.1827e-012
4.43513e-013
1.13411e-009
3.15387e-012
2.90006e-006
8.06481e-009
5.73498e-008
4.0782e-007
5.49937e-005
1.1827e-012
0.00104284
0.0197754
2.15062e-008
0.00104284
2.24275e-011
2.06226e-005
2.90006e-006
1.52933e-007
8.06481e-009
4.0782e-007
2.15062e-008
1.73443e-016
1.08752e-006
0.00741577
0.00014665
0.000391066
4.25293e-010
1.1827e-012
1.13411e-009
3.15387e-012
8.06481e-009
2.24275e-011
1.08752e-006
1.52933e-007
0.00741577
0.140625
0.00014665
2.90006e-006
3.0243e-009
4.25293e-010
0.000391066
0.0197754
0.00278091
0.00741577
0.00741577
0.000391066
2.90006e-006
0.00741577
6.23691e-014
1.73443e-016
4.0782e-007
1.08752e-006
1.08752e-006
0.0527344
5.98068e-011
0.00014665
0.00741577
2.90006e-006
5.49937e-005
5.49937e-005
5.73498e-008
2.90006e-006
1.08752e-006
0.0197754
1.13411e-009
7.73348e-006
2.90006e-006
0.00104284
1.08752e-006
2.06226e-005
1.13411e-009
0.00014665
0.0197754
0.000391066
5.49937e-005
5.73498e-008
1.13411e-009
3.0243e-009
1.59485e-010
5.98068e-011
7.73348e-006
2.90006e-006
4.0782e-007
3.0243e-009
5.98068e-011
3.28899e-015
0.0197754
8.06481e-009
1.23337e-015
0.00278091
0.000391066
3.15387e-012
0.00014665
3.0243e-009
2.90006e-006
8.06481e-009
0.000391066
4.0782e-007
4.25293e-010
0.00014665
0.000391066
1.13411e-009
5.73498e-008
2.06226e-005
2.06226e-005
7.73348e-006
0.00741577
5.49937e-005
0.00104284
7.73348e-006
0.00741577
0.00104284
0.00104284
0.000391066
0.00014665
0.0197754
0.0527344
0.00104284
0.000391066
0.00104284
0.00741577
0.0197754
0.0197754
0.140625
0.375
0.0527344
0.00104284
0.000391066
0.00014665
0.00014665
0.00278091
4.0782e-007
0.375
0.0197754
0.0197754
0.00104284
0.00741577
0.00278091
0.00104284
0.00741577
0.00741577
0.00104284
2.06226e-005
0.0197754
0.0197754
5.73498e-008
5.49937e-005
0.00741577
2.90006e-006
0.00278091
2.15062e-008
0.00014665
0.00104284
0.0197754
0.00104284
0.000391066
0.00741577
0.0527344
0.0197754
0.00104284
0.00278091
5.49937e-005
1.73443e-016
7.73348e-006
0.140625
0.375
5.49937e-005
0.00278091
0.00104284
0.00104284
0.000391066
0.00741577
0.0527344
0.375
0.000391066
0.0197754
0.000391066
0.00104284
0.000391066
0.0527344
0.140625
0.000391066
0.0197754
0.0197754
0.0527344
2.06226e-005
0.00741577
0.0197754
0.00104284
2.06226e-005
0.00014665
0.00014665
0.140625
0.375
1.52933e-007
2.06226e-005
0.0527344
0.00741577
2.06226e-005
0.00741577
0.375
0.0527344
0.0527344
0.00741577
0.00278091
5.49937e-005
0.375
0.00278091
1
0.000391066
0.0527344
0.375
0.0527344
2.06226e-005
0.00014665
0.140625
0.000391066
0.0527344
0.00741577
0.00278091
7.73348e-006
1.08752e-006
0.0197754
0.000391066
0.375
0.000391066
4.43513e-013
0.375
2.06226e-005
0.00741577
0.00104284
0.000391066
0.00278091
0.000391066
0.0197754
1
1
0.00741577
0.00104284
0.140625
0.00741577
0.0527344
0.0527344
0.0197754
0.00278091
0.00741577
1
0.00741577
0.00278091
2.06226e-005
0.00104284
2.90006e-006
0.00741577
0.00278091
0.0527344
0.0527344
0.00014665
5.49937e-005
0.0527344
0.00741577
0.00104284
2.90006e-006
0.00104284
0.00278091
0.00014665
0.00014665
0.000391066
2.90006e-006
0.00104284
2.06226e-005
0.000391066
1.08752e-006
0.375
0.00278091
0.0197754
2.90006e-006
0.00741577
0.000391066
0.0527344
5.49937e-005
0.00104284
0.00278091
5.73498e-008
0.140625
7.73348e-006
0.000391066
5.49937e-005
7.73348e-006
5.73498e-008
4.0782e-007
0.0197754
5.49937e-005
0.000391066
0.00741577
0.00278091
1.52933e-007
0.140625
0.0197754
5.49937e-005
2.06226e-005
7.73348e-006
0.00741577
0.00104284
0.0197754
0.00278091
2.06226e-005
0.00104284
0.000391066
4.25293e-010
0.00278091
0.0197754
0.140625
0.00014665
0.140625
0.00741577
0.00014665
7.73348e-006
0.00104284
0.00741577
0.00741577
0.00014665
0.00104284
0.00741577
0.0197754
0.00741577
0.140625
2.06226e-005
0.00278091
0.00278091
0.00104284
0.00278091
0.0527344
0.00014665
0.00741577
0.00104284
0.0197754
