19
25
15
19
17
12
19
14
17
20
23
16
31
14
13
16
20
22
16
15
20
22
17
21
19
19
20
18
17
11
16
20
22
15
20
10
19
11
19
17
19
19
15
17
17
8
11
18
13
16
12
14
12
13
5
9
12
13
11
10
10
9
8
13
22
13
15
25
17
10
11
17
11
18
11
15
18
19
15
18
17
17
22
10
12
16
18
14
21
13
20
16
7
15
6
14
16
12
20
12
9
18
16
16
17
15
18
14
18
22
14
17
15
20
19
15
17
12
20
14
16
17
11
14
23
26
11
19
11
25
20
14
20
14
16
12
16
12
20
16
18
18
10
17
17
18
10
22
14
10
22
18
19
22
17
13
15
16
10
18
12
11
14
8
15
13
11
14
9
22
8
19
14
12
17
18
10
11
13
11
11
10
19
17
11
15
20
16
19
21
12
18
16
22
18
9
10
11
15
8
12
13
14
14
21
14
11
17
17
7
16
20
14
15
8
10
15
16
11
24
12
11
15
12
14
12
17
18
12
11
20
14
13
10
13
16
7
11
13
0
1
8
13
19
9
13
22
11
16
19
12
12
6
8
17
16
18
15
14
8
13
17
15
12
10
14
10
15
14
19
20
16
19
13
12
14
16
13
15
14
16
10
16
17
24
20
20
25
19
22
10
16
18
15
14
11
15
14
14
15
10
18
24
20
31
24
21
27
22
16
26
22
16
18
19
14
14
15
18
20
19
19
16
8
16
24
16
0
14
7
17
16
17
19
18
19
14
17
11
9
