1.68439e-005
0.000389329
2.83718e-010
3.1528e-008
1.51577e-007
3.50354e-006
3.1528e-008
1.51577e-007
7.28736e-007
0.000389329
7.28736e-007
1.68439e-005
8.09804e-005
6.55783e-009
2.55315e-012
1.68439e-005
1.68439e-005
8.09804e-005
1.36403e-009
8.09804e-005
1.51577e-007
0.00187177
8.09804e-005
6.55783e-009
7.28736e-007
6.55783e-009
3.1528e-008
3.50354e-006
3.50354e-006
2.83718e-010
1.51577e-007
7.28736e-007
3.1528e-008
1.68439e-005
7.28736e-007
7.28736e-007
0.00187177
1.36403e-009
8.09804e-005
1.68439e-005
5.90133e-011
1.51577e-007
7.28736e-007
5.90133e-011
6.55783e-009
8.09804e-005
3.50354e-006
8.09804e-005
2.55315e-012
2.83718e-010
1.36403e-009
1.51577e-007
7.28736e-007
0.000389329
0.00187177
1.51577e-007
0.000389329
1.36403e-009
5.31056e-013
1.51577e-007
1.68439e-005
5.31056e-013
7.28736e-007
6.55783e-009
7.28736e-007
1.36403e-009
3.1528e-008
1.68439e-005
1.68439e-005
7.28736e-007
3.1528e-008
1.51577e-007
1.22748e-011
5.90133e-011
1.36403e-009
3.1528e-008
5.31056e-013
2.83718e-010
1.22748e-011
8.09804e-005
2.83718e-010
1.51577e-007
7.28736e-007
2.83718e-010
2.83718e-010
1.68439e-005
3.50354e-006
0.000389329
1.68439e-005
3.50354e-006
7.28736e-007
6.55783e-009
2.55315e-012
6.55783e-009
1.51577e-007
8.09804e-005
1.36403e-009
5.90133e-011
6.55783e-009
1.51577e-007
2.83718e-010
1.36403e-009
6.55783e-009
1.68439e-005
7.28736e-007
6.55783e-009
3.1528e-008
7.28736e-007
8.09804e-005
3.50354e-006
0.000389329
8.09804e-005
3.1528e-008
1.36403e-009
3.1528e-008
8.09804e-005
1.51577e-007
6.55783e-009
3.1528e-008
1.51577e-007
3.50354e-006
7.28736e-007
3.50354e-006
7.28736e-007
3.50354e-006
0.00187177
8.09804e-005
3.50354e-006
8.09804e-005
0.00187177
0.00899891
0.043264
0.000389329
0.000389329
3.50354e-006
1.68439e-005
1.51577e-007
0.00187177
7.28736e-007
1.36403e-009
5.90133e-011
1.68439e-005
7.28736e-007
6.55783e-009
6.55783e-009
3.50354e-006
1.51577e-007
3.50354e-006
1.36403e-009
1.51577e-007
0.00187177
0.00187177
3.50354e-006
3.50354e-006
0.000389329
3.50354e-006
6.55783e-009
0.00187177
1.51577e-007
1.51577e-007
5.31056e-013
3.50354e-006
7.28736e-007
5.90133e-011
3.1528e-008
2.83718e-010
8.09804e-005
7.28736e-007
7.28736e-007
3.50354e-006
7.28736e-007
3.50354e-006
1.22748e-011
2.83718e-010
3.1528e-008
3.50354e-006
8.09804e-005
1.51577e-007
1.36403e-009
7.28736e-007
1.68439e-005
0.043264
3.50354e-006
7.28736e-007
1.51577e-007
1.68439e-005
1.51577e-007
8.09804e-005
8.09804e-005
3.50354e-006
1.36403e-009
0.000389329
7.28736e-007
8.09804e-005
7.28736e-007
3.1528e-008
8.09804e-005
3.1528e-008
1.68439e-005
7.28736e-007
7.28736e-007
3.50354e-006
1.51577e-007
1.68439e-005
0.00187177
1.36403e-009
8.09804e-005
7.28736e-007
3.50354e-006
6.55783e-009
3.50354e-006
1.68439e-005
8.09804e-005
1.51577e-007
6.55783e-009
6.55783e-009
7.28736e-007
7.28736e-007
6.55783e-009
3.50354e-006
3.1528e-008
1.68439e-005
1.51577e-007
7.28736e-007
1.36403e-009
1.36403e-009
1.36403e-009
0.00187177
6.55783e-009
1.51577e-007
1.36403e-009
7.28736e-007
3.1528e-008
1.51577e-007
6.55783e-009
3.1528e-008
6.55783e-009
1.51577e-007
0.00899891
1
0.208
3.50354e-006
1.68439e-005
7.28736e-007
3.1528e-008
7.28736e-007
7.28736e-007
1.51577e-007
1.51577e-007
0.000389329
3.50354e-006
1.68439e-005
3.50354e-006
1.51577e-007
3.1528e-008
1.36403e-009
5.90133e-011
7.28736e-007
6.55783e-009
3.1528e-008
2.83718e-010
3.50354e-006
0.00899891
6.55783e-009
3.50354e-006
1.68439e-005
1.68439e-005
3.50354e-006
6.55783e-009
1.22748e-011
6.55783e-009
2.83718e-010
1.68439e-005
5.90133e-011
2.55315e-012
2.55315e-012
3.1528e-008
1.36403e-009
1.22748e-011
1.1046e-013
2.83718e-010
1.1046e-013
3.50354e-006
8.09804e-005
0.208
0.00187177
1.68439e-005
0.000389329
0.00187177
0.000389329
0.00899891
8.09804e-005
3.50354e-006
3.50354e-006
3.50354e-006
1.68439e-005
0.00899891
1.68439e-005
0.208
3.1528e-008
0.00899891
0.00187177
1.68439e-005
3.50354e-006
0.00899891
1.68439e-005
8.09804e-005
1.68439e-005
0.00899891
0.000389329
0.043264
1.51577e-007
1.51577e-007
3.1528e-008
8.09804e-005
1.36403e-009
3.1528e-008
1.68439e-005
1.68439e-005
8.09804e-005
1.68439e-005
8.09804e-005
0.000389329
8.09804e-005
1.68439e-005
1.68439e-005
1.68439e-005
1
7.28736e-007
2.83718e-010
3.50354e-006
0.00187177
8.09804e-005
0.043264
0.000389329
0.00187177
0.00187177
8.09804e-005
7.28736e-007
0.043264
