3.63206e-012
4.78753e-009
1.31866e-010
4.36641e-010
6.31058e-006
1.9058e-006
5.24925e-008
1.20267e-011
1.58527e-008
2.0896e-005
0.00075865
4.36641e-010
1.73816e-007
5.7555e-007
2.75546e-015
7.58954e-017
5.24925e-008
4.36641e-010
5.24925e-008
3.98234e-011
5.24925e-008
3.98234e-011
5.24925e-008
6.91919e-005
1.73816e-007
6.31058e-006
5.7555e-007
3.02121e-014
3.98234e-011
1.73816e-007
1.73816e-007
5.24925e-008
1.73816e-007
5.24925e-008
5.7555e-007
4.36641e-010
4.78753e-009
4.78753e-009
1.09688e-012
1.20267e-011
5.7555e-007
4.78753e-009
5.24925e-008
0.000229112
2.0896e-005
4.78753e-009
1.31866e-010
5.24925e-008
5.7555e-007
1.9058e-006
5.24925e-008
5.24925e-008
6.31058e-006
2.0896e-005
3.98234e-011
4.78753e-009
1.09688e-012
1.44583e-009
6.91919e-005
6.31058e-006
1.09688e-012
1.73816e-007
4.78944e-022
4.78753e-009
5.24925e-008
1.73816e-007
1.58527e-008
1.44583e-009
1.20267e-011
1.20267e-011
4.78753e-009
4.78753e-009
3.63206e-012
0.00831817
0.000229112
2.0896e-005
1.73816e-007
5.7555e-007
6.31058e-006
1.58527e-008
1.9058e-006
1.73816e-007
1.73816e-007
1.44583e-009
1.9058e-006
1.44583e-009
1.58527e-008
3.63206e-012
1.58527e-008
5.7555e-007
4.78753e-009
0.000229112
2.0896e-005
1.9058e-006
2.0896e-005
1.44583e-009
1.09688e-012
1.58527e-008
4.36641e-010
1.31866e-010
2.0896e-005
1.9058e-006
1.73816e-007
5.24925e-008
1.58527e-008
1.73816e-007
1.73816e-007
3.98234e-011
4.36641e-010
3.98234e-011
8.32149e-016
1.44583e-009
3.98234e-011
1.9058e-006
4.36641e-010
4.36641e-010
1.58527e-008
5.7555e-007
5.7555e-007
1.31866e-010
5.7555e-007
0.00075865
0.000229112
0.00251209
0.00075865
0.00251209
1.73816e-007
6.31058e-006
1.9058e-006
1.9058e-006
0.000229112
1.9058e-006
0.00831817
2.0896e-005
6.31058e-006
6.91919e-005
0.00251209
0.0275436
6.91919e-005
5.24925e-008
6.91919e-005
4.36641e-010
1.09688e-012
1.9058e-006
0.00831817
4.36641e-010
3.98234e-011
1.31866e-010
5.24925e-008
1.73816e-007
2.0896e-005
6.31058e-006
0.000229112
0.000229112
1.9058e-006
1.9058e-006
1.58527e-008
3.98234e-011
1.73816e-007
6.31058e-006
1.44583e-009
1.73816e-007
1.44583e-009
4.36641e-010
5.24925e-008
1.58527e-008
2.0896e-005
6.91919e-005
1.58527e-008
1.73816e-007
1.0004e-013
4.36641e-010
1.73816e-007
4.78753e-009
5.7555e-007
6.91919e-005
1.9058e-006
5.7555e-007
1.73816e-007
5.24925e-008
2.51309e-016
8.32149e-016
3.02121e-014
3.98234e-011
1.31866e-010
3.63206e-012
1.44583e-009
1.20267e-011
3.31258e-013
1.31866e-010
4.78753e-009
1.44583e-009
1.58527e-008
6.91919e-005
4.78753e-009
1.20267e-011
3.02121e-014
1.58527e-008
4.36641e-010
6.91919e-005
3.98234e-011
1.31866e-010
5.24925e-008
1.73816e-007
1.20267e-011
4.78753e-009
1.31866e-010
2.0896e-005
1.58527e-008
4.78753e-009
1.44583e-009
0.000229112
1.31866e-010
5.24925e-008
1.73816e-007
5.24925e-008
1.9058e-006
1.31866e-010
1.73816e-007
5.7555e-007
0.00075865
5.24925e-008
1.44583e-009
1.0004e-013
1.9058e-006
1.58527e-008
1.44583e-009
6.91919e-005
2.0896e-005
0.00075865
0.00251209
4.36641e-010
5.24925e-008
1.58527e-008
1.44583e-009
1.73816e-007
1.9058e-006
3.98234e-011
2.0896e-005
1
1
1.58527e-008
5.24925e-008
2.0896e-005
5.7555e-007
3.98234e-011
3.63206e-012
1.73816e-007
5.24925e-008
3.98234e-011
3.63206e-012
1.9058e-006
6.31058e-006
1.09688e-012
3.02121e-014
5.7555e-007
1.20267e-011
1.73816e-007
2.0896e-005
5.7555e-007
6.31058e-006
5.24925e-008
2.0896e-005
6.31058e-006
2.0896e-005
2.0896e-005
1.9058e-006
6.91919e-005
6.31058e-006
1.58527e-008
6.91919e-005
2.0896e-005
1.9058e-006
1.44583e-009
4.78753e-009
1.9058e-006
5.24925e-008
1.58527e-008
6.31058e-006
6.91919e-005
4.78753e-009
5.7555e-007
4.78753e-009
1.9058e-006
6.31058e-006
2.0896e-005
1.9058e-006
1.9058e-006
1.9058e-006
6.31058e-006
4.78753e-009
4.36641e-010
0.000229112
1.73816e-007
5.7555e-007
0.00075865
6.91919e-005
6.91919e-005
2.0896e-005
5.7555e-007
1.58527e-008
6.31058e-006
1.73816e-007
4.36641e-010
5.24925e-008
1.31866e-010
4.36641e-010
6.31058e-006
6.31058e-006
1.58527e-008
2.0896e-005
0.00831817
5.7555e-007
1.73816e-007
1.44583e-009
6.31058e-006
6.91919e-005
0.0275436
0.000229112
6.91919e-005
1.9058e-006
6.31058e-006
0.000229112
6.31058e-006
2.0896e-005
0.00831817
6.91919e-005
1
1.73816e-007
0.00075865
0.00075865
0.000229112
0.00251209
1.9058e-006
0.0275436
0.00075865
1.73816e-007
0.00075865
6.91919e-005
5.24925e-008
