7
5
14
11
10
8
11
10
9
5
9
7
6
12
17
7
7
6
13
6
10
4
6
12
9
12
11
8
8
14
10
9
11
7
9
9
4
13
6
7
15
10
9
15
12
6
8
6
17
14
13
10
9
5
4
10
5
13
18
10
7
18
9
12
9
13
11
7
7
9
11
10
16
15
13
11
18
14
16
6
14
10
9
14
14
7
8
5
7
8
9
12
17
12
10
6
13
15
12
10
14
13
12
7
9
12
11
9
6
8
5
6
11
13
11
6
10
12
11
10
8
9
8
9
8
4
6
8
6
4
3
2
5
5
8
7
10
4
9
13
15
7
9
12
12
8
10
8
13
10
4
4
8
8
5
8
12
4
10
10
18
8
9
15
11
14
6
9
9
8
9
8
16
14
11
8
6
10
13
9
7
2
8
9
10
7
10
6
6
8
13
5
9
6
9
11
6
11
7
9
9
8
10
7
4
13
6
9
8
12
8
7
6
10
12
12
9
9
12
8
11
7
10
9
13
13
13
4
12
10
13
9
11
10
12
11
12
10
3
0
1
8
7
9
11
9
9
10
10
5
8
7
8
10
11
13
15
9
12
11
14
8
3
12
8
7
7
8
12
16
12
14
7
15
17
17
11
13
16
19
14
19
8
6
1
4
7
5
4
5
3
6
8
8
8
7
3
7
1
11
3
4
7
8
3
7
6
7
3
5
2
10
10
11
6
13
11
7
7
6
7
6
5
6
7
7
7
0
9
14
8
4
6
2
5
4
4
6
9
2
