19
16
15
18
21
10
16
15
12
14
9
12
19
15
10
8
22
15
11
15
12
17
14
13
6
11
9
13
13
8
14
14
19
17
10
11
15
9
14
11
8
8
15
13
11
3
9
3
4
4
5
11
19
31
27
26
24
11
9
13
9
7
3
9
16
13
11
8
22
7
10
7
11
7
6
4
10
8
11
11
16
6
18
11
8
8
13
15
23
14
7
9
13
4
2
15
16
9
13
13
5
9
11
10
8
9
14
14
21
17
16
9
11
5
7
9
7
7
10
9
7
4
0
8
5
7
4
3
4
8
4
5
3
4
7
3
3
1
6
5
10
6
7
4
2
4
3
6
3
7
8
8
6
8
6
4
4
4
6
4
2
3
2
4
4
10
21
13
9
4
5
9
8
5
8
5
5
8
4
6
8
4
11
3
6
7
6
6
12
14
4
9
3
4
5
8
5
1
7
4
3
5
4
10
5
5
4
3
8
3
8
7
4
8
4
3
6
16
5
2
6
8
3
5
10
7
7
8
5
4
5
6
5
7
8
3
5
4
5
0
0
5
9
3
5
5
6
5
5
8
3
5
6
2
8
14
8
6
4
4
5
8
5
3
2
6
2
4
3
7
9
5
5
4
8
7
6
10
4
8
5
6
6
4
11
8
9
7
7
10
7
7
15
12
5
6
4
4
6
8
2
8
9
11
16
16
14
7
10
5
6
5
13
14
8
5
5
3
4
7
12
7
4
4
6
12
5
0
4
1
6
2
2
6
1
6
6
6
6
2
