0.000188957
3.40122e-005
6.1222e-006
1.102e-006
0.00104976
3.93464e-014
6.74664e-012
1.102e-006
4.13043e-017
1.27482e-015
4.33596e-020
2.29468e-016
6.42684e-009
1.15683e-009
0.00104976
3.74813e-011
6.42684e-009
6.1222e-006
3.40122e-005
3.74813e-011
1.102e-006
1.98359e-007
1.27482e-015
2.18591e-013
3.93464e-014
3.57047e-008
2.18591e-013
1.98359e-007
3.57047e-008
3.74813e-011
7.08235e-015
0.005832
0.005832
1.102e-006
7.80473e-021
6.74664e-012
2.18591e-013
2.0823e-010
0.00104976
2.0823e-010
7.08235e-015
4.33596e-020
1.2144e-012
7.43477e-018
2.52873e-022
4.33596e-020
1.15683e-009
2.29468e-016
2.29468e-016
2.18591e-013
4.13043e-017
6.74664e-012
1.102e-006
0.000188957
0.0324
0.0324
0.005832
2.0823e-010
2.18591e-013
2.65456e-025
1.2144e-012
3.74813e-011
6.1222e-006
2.18591e-013
3.74813e-011
7.08235e-015
4.13043e-017
2.0823e-010
1.102e-006
7.08235e-015
1.2144e-012
6.42684e-009
3.40122e-005
4.13043e-017
1.27482e-015
8.19309e-024
0.000188957
1.15683e-009
1.15683e-009
4.13043e-017
1.2144e-012
1.27482e-015
1.98359e-007
3.57047e-008
7.43477e-018
4.13043e-017
1.15683e-009
1.102e-006
0.00104976
2.52873e-022
1.27482e-015
6.74664e-012
2.0823e-010
2.52873e-022
8.19309e-024
2.0823e-010
0.005832
1.102e-006
1.98359e-007
2.0823e-010
1.33826e-018
2.29468e-016
3.74813e-011
1.40485e-021
6.42684e-009
6.42684e-009
1.2144e-012
2.29468e-016
6.1222e-006
6.1222e-006
6.42684e-009
1.98359e-007
1.2144e-012
7.08235e-015
3.57047e-008
1.27482e-015
1.27482e-015
3.74813e-011
1.33826e-018
7.08235e-015
4.33596e-020
5.26557e-032
2.78665e-028
9.94965e-036
2.65456e-025
9.47802e-033
1.70604e-033
6.09137e-041
3.22369e-037
8.60078e-027
2.92532e-031
3.07088e-034
3.07088e-034
2.78665e-028
4.33596e-020
4.55172e-023
1.54814e-027
3.72926e-046
2.29468e-016
2.52873e-022
2.18591e-013
2.18591e-013
3.93464e-014
7.43477e-018
2.65456e-025
2.0823e-010
2.29468e-016
2.29468e-016
1.15683e-009
2.40887e-019
5.26557e-032
1.79094e-036
2.52873e-022
2.40887e-019
1.33826e-018
1.70604e-033
1.2144e-012
5.01597e-029
1.33826e-018
2.29468e-016
7.43477e-018
2.52873e-022
3.93464e-014
7.08235e-015
7.43477e-018
6.74664e-012
1.15683e-009
4.13043e-017
1.27482e-015
2.18591e-013
6.74664e-012
6.42684e-009
6.42684e-009
6.42684e-009
1.27482e-015
1.27482e-015
1.47476e-024
1.27482e-015
7.43477e-018
2.40887e-019
3.57047e-008
1.102e-006
6.42684e-009
2.40887e-019
2.40887e-019
2.0823e-010
1.98359e-007
4.13043e-017
4.13043e-017
1.102e-006
2.18591e-013
2.40887e-019
4.33596e-020
2.40887e-019
2.0823e-010
3.93464e-014
7.43477e-018
7.43477e-018
6.42684e-009
2.78665e-028
7.08235e-015
7.80473e-021
7.43477e-018
2.40887e-019
3.57047e-008
7.08235e-015
3.74813e-011
7.43477e-018
1.27482e-015
2.40887e-019
4.13043e-017
1.47476e-024
3.57047e-008
1.33826e-018
8.19309e-024
1.33826e-018
7.80473e-021
2.0823e-010
3.74813e-011
2.0823e-010
6.42684e-009
2.0823e-010
4.13043e-017
0.00104976
6.74664e-012
3.57047e-008
1.15683e-009
1.40485e-021
3.93464e-014
1.47476e-024
3.74813e-011
4.55172e-023
4.13043e-017
7.80473e-021
4.55172e-023
2.40887e-019
2.40887e-019
1.98359e-007
1.27482e-015
4.33596e-020
1.27482e-015
7.80473e-021
2.40887e-019
7.80473e-021
7.80473e-021
1.40485e-021
6.74664e-012
2.29468e-016
2.0823e-010
7.08235e-015
3.93464e-014
2.29468e-016
1.40485e-021
3.74813e-011
0.000188957
6.1222e-006
1.98359e-007
1.2144e-012
4.13043e-017
1.62518e-030
7.43477e-018
4.13043e-017
2.52873e-022
2.65456e-025
2.92532e-031
2.78665e-028
9.47802e-033
4.13043e-017
6.42684e-009
0.00104976
7.43477e-018
1.2144e-012
7.08235e-015
6.42684e-009
3.40122e-005
2.0823e-010
2.52873e-022
6.1222e-006
3.40122e-005
3.57047e-008
1.98359e-007
3.40122e-005
4.13043e-017
8.19309e-024
8.19309e-024
9.02875e-030
4.33596e-020
8.60078e-027
4.55172e-023
1.54814e-027
4.77821e-026
4.33596e-020
2.29468e-016
2.78665e-028
2.78665e-028
1.47476e-024
1.70604e-033
2.52873e-022
2.78665e-028
1.27482e-015
3.22369e-037
9.02875e-030
1.2144e-012
1.2144e-012
0.000188957
2.0823e-010
7.08235e-015
2.65456e-025
9.02875e-030
2.65456e-025
2.92532e-031
2.78665e-028
3.93464e-014
1.27482e-015
1.27482e-015
3.93464e-014
2.52873e-022
7.39734e-053
9.94965e-036
2.65456e-025
4.55172e-023
5.01597e-029
5.52758e-035
3.22369e-037
2.92532e-031
1.47476e-024
9.02875e-030
5.23905e-067
3.07088e-034
9.02875e-030
2.92532e-031
9.02875e-030
5.26557e-032
1.54814e-027
9.94965e-036
1.04447e-038
2.65456e-025
5.26557e-032
4.77821e-026
2.78665e-028
