1.18521e-009
3.04225e-008
8.97419e-008
3.49619e-009
1.36205e-010
2.00446e-005
3.04225e-008
8.97419e-008
2.30354e-006
2.64725e-007
5.91286e-005
2.30354e-006
1.18521e-009
8.97419e-008
2.00446e-005
0.000174421
4.61736e-011
8.97419e-008
6.79511e-006
8.97419e-008
2.30354e-006
1.03132e-008
2.64725e-007
7.80901e-007
0.00151774
6.79511e-006
5.91286e-005
7.80901e-007
7.80901e-007
0.000174421
2.64725e-007
2.64725e-007
1.18521e-009
1.03132e-008
2.00446e-005
6.79511e-006
8.97419e-008
5.91286e-005
2.64725e-007
6.79511e-006
0.000174421
0.000174421
8.97419e-008
7.80901e-007
6.79511e-006
0.0389582
5.91286e-005
0.0389582
0.0132068
0.0132068
0.00447712
6.79511e-006
1.18521e-009
2.73018e-015
2.06724e-013
6.09807e-013
5.30631e-012
6.79511e-006
5.91286e-005
7.80901e-007
5.91286e-005
0.000514515
0.0389582
5.91286e-005
3.04225e-008
7.80901e-007
6.79511e-006
0.000174421
4.61736e-011
0.000514515
2.00446e-005
0.000514515
6.79511e-006
0.000514515
0.00151774
0.0132068
2.00446e-005
0.000174421
6.79511e-006
6.79511e-006
3.04225e-008
0.00151774
3.49619e-009
6.79511e-006
0.000174421
0.000174421
7.80901e-007
8.97419e-008
1.56528e-011
2.64725e-007
0.000514515
5.91286e-005
7.80901e-007
0.0132068
0.114921
8.97419e-008
3.04225e-008
5.91286e-005
7.80901e-007
7.80901e-007
0.00447712
5.91286e-005
6.79511e-006
2.00446e-005
0.000174421
5.91286e-005
2.64725e-007
2.64725e-007
1.36205e-010
1.03132e-008
3.04225e-008
5.91286e-005
6.79511e-006
0.00447712
0.000514515
5.91286e-005
0.000514515
0.000514515
2.00446e-005
5.91286e-005
0.000514515
0.0132068
1
0.000174421
0.00447712
0.000514515
0.0132068
0.0389582
0.0132068
0.000174421
0.0132068
0.00447712
0.0389582
0.0132068
0.000514515
0.0389582
0.0389582
0.339
0.00151774
0.00447712
2.00446e-005
0.00151774
0.000514515
0.0132068
0.114921
0.0132068
0.0389582
0.00151774
0.0389582
0.000514515
0.000174421
0.000174421
0.00151774
0.000174421
0.00151774
0.0132068
0.0132068
0.0132068
0.00151774
0.0132068
0.114921
0.0389582
0.114921
0.0132068
0.0132068
2.00446e-005
1.36205e-010
7.80901e-007
5.91286e-005
0.0132068
0.00447712
5.91286e-005
0.000174421
0.00447712
0.000174421
0.00447712
0.00447712
0.000174421
0.0132068
0.00151774
0.000174421
0.0132068
6.79511e-006
0.0389582
0.00151774
0.000514515
0.00151774
0.00151774
2.30354e-006
2.64725e-007
0.0132068
5.91286e-005
0.0389582
0.0132068
0.00447712
0.000174421
0.00447712
0.339
0.000514515
0.0132068
0.0389582
0.00447712
0.0132068
2.00446e-005
0.00447712
0.00447712
0.0132068
0.0389582
0.000174421
0.0389582
0.000174421
0.000514515
0.0132068
0.000174421
0.0132068
0.0389582
0.00151774
3.04225e-008
0.00447712
0.114921
0.00151774
0.000174421
0.0389582
0.00447712
2.00446e-005
0.000514515
0.000514515
0.000174421
0.00447712
0.0132068
0.00447712
0.00151774
0.00447712
0.000514515
0.000174421
0.0389582
0.00447712
0.0132068
0.00447712
1
1
0.00447712
5.91286e-005
0.0389582
0.00447712
0.00447712
0.00151774
0.00447712
0.00447712
0.000174421
0.0389582
0.00447712
0.00151774
0.114921
0.000174421
2.64725e-007
0.000174421
0.00151774
0.0132068
0.0132068
0.00447712
0.000174421
0.00447712
0.0389582
0.114921
0.00151774
0.114921
0.0132068
0.0389582
0.000514515
5.91286e-005
0.00447712
0.00447712
0.0132068
0.000174421
0.000514515
0.00151774
2.00446e-005
0.0132068
0.000174421
0.00447712
0.00151774
0.00151774
0.0132068
6.79511e-006
0.000174421
5.91286e-005
0.000514515
0.000514515
2.00446e-005
0.000514515
0.000514515
8.97419e-008
2.30354e-006
0.00447712
0.00151774
0.0132068
0.0132068
0.00151774
0.000174421
0.114921
0.000174421
5.91286e-005
6.79511e-006
3.04225e-008
3.04225e-008
2.64725e-007
0.000514515
2.00446e-005
0.00447712
0.00151774
0.00447712
7.80901e-007
2.64725e-007
0.000174421
0.00447712
0.00447712
0.0389582
0.0132068
0.000514515
2.30354e-006
0.000514515
0.0132068
0.0132068
0.00151774
2.30354e-006
0.00447712
1
0.0132068
0.339
0.00151774
0.114921
0.114921
0.00151774
0.339
0.00151774
0.00151774
0.00151774
0.00151774
0.114921
