4.74208e-010
1.06459e-005
4.74208e-010
2.70872e-011
0.000186375
2.54437e-006
6.08106e-007
4.74208e-010
3.47356e-008
4.45436e-005
1.45337e-007
1.98413e-009
6.08106e-007
6.08106e-007
9.40891e-019
6.892e-017
6.08106e-007
4.74208e-010
4.74208e-010
2.54437e-006
1.13336e-010
8.30181e-009
3.47356e-008
2.54437e-006
6.08106e-007
6.08106e-007
1.06459e-005
2.11229e-014
2.70872e-011
3.47356e-008
4.45436e-005
8.30181e-009
3.47356e-008
0.000186375
2.54437e-006
4.45436e-005
1.06459e-005
6.08106e-007
6.47384e-012
1.13336e-010
3.47356e-008
1.13336e-010
3.47356e-008
4.45436e-005
0.000779811
4.74208e-010
1.13336e-010
2.70872e-011
6.08106e-007
1.06459e-005
2.70872e-011
1.98413e-009
1.45337e-007
4.45436e-005
2.70872e-011
1.54725e-012
2.70872e-011
4.74208e-010
0.000779811
1.06459e-005
6.47384e-012
6.08106e-007
2.54861e-029
6.08106e-007
2.54437e-006
6.08106e-007
2.54437e-006
1.13336e-010
6.08106e-007
1.98413e-009
1.45337e-007
4.74208e-010
4.74208e-010
0.000779811
0.000186375
1.06459e-005
4.74208e-010
4.74208e-010
4.45436e-005
1.98413e-009
0.0136519
1.98413e-009
3.47356e-008
2.54437e-006
6.08106e-007
1.98413e-009
2.70872e-011
8.30181e-009
6.08106e-007
1.06459e-005
6.47384e-012
0.000186375
0.00326281
2.54437e-006
0.000186375
6.08106e-007
4.74208e-010
3.47356e-008
2.70872e-011
1.98413e-009
0.000186375
2.54437e-006
2.54437e-006
6.08106e-007
1.13336e-010
1.06459e-005
6.08106e-007
1.98413e-009
1.06459e-005
3.47356e-008
6.47384e-012
2.70872e-011
1.13336e-010
4.74208e-010
3.69792e-013
1.45337e-007
8.30181e-009
1.45337e-007
1.45337e-007
3.47356e-008
3.47356e-008
2.54437e-006
0.000779811
0.0136519
1.45337e-007
6.08106e-007
1.45337e-007
1.06459e-005
6.08106e-007
4.45436e-005
6.08106e-007
6.08106e-007
2.54437e-006
1.45337e-007
1.06459e-005
1.06459e-005
0.000186375
0.000779811
6.08106e-007
4.74208e-010
4.45436e-005
2.70872e-011
1.13336e-010
1.45337e-007
1.45337e-007
3.69792e-013
4.74208e-010
6.892e-017
1.54725e-012
8.30181e-009
0.000779811
4.45436e-005
6.08106e-007
4.45436e-005
4.45436e-005
0.000779811
2.70872e-011
4.74208e-010
1.45337e-007
4.74208e-010
2.70872e-011
8.30181e-009
2.70872e-011
8.30181e-009
1.13336e-010
8.30181e-009
6.08106e-007
4.45436e-005
1.45337e-007
2.11229e-014
5.04838e-015
6.47384e-012
1.45337e-007
1.98413e-009
3.47356e-008
1.06459e-005
1.06459e-005
4.45436e-005
1.13336e-010
1.45337e-007
5.04838e-015
1.64719e-017
3.69792e-013
3.69792e-013
1.13336e-010
3.69792e-013
2.11229e-014
2.11229e-014
8.83804e-014
8.30181e-009
8.30181e-009
4.74208e-010
1.13336e-010
3.47356e-008
3.69792e-013
1.54725e-012
5.04838e-015
1.54725e-012
6.47384e-012
4.45436e-005
1.13336e-010
2.70872e-011
4.74208e-010
4.45436e-005
6.47384e-012
2.70872e-011
3.69792e-013
4.74208e-010
3.47356e-008
2.70872e-011
3.47356e-008
3.47356e-008
3.69792e-013
4.74208e-010
4.74208e-010
2.54437e-006
1.98413e-009
1.13336e-010
8.30181e-009
1.98413e-009
1.06459e-005
2.54437e-006
6.47384e-012
5.04838e-015
3.47356e-008
8.30181e-009
3.69792e-013
4.45436e-005
2.54437e-006
4.45436e-005
0.0136519
3.47356e-008
2.54437e-006
3.47356e-008
8.30181e-009
4.74208e-010
1.06459e-005
3.69792e-013
0.000186375
1
1
1.45337e-007
8.30181e-009
4.74208e-010
1.06459e-005
2.70872e-011
2.11229e-014
1.45337e-007
3.47356e-008
6.47384e-012
5.04838e-015
6.08106e-007
0.000779811
5.04838e-015
6.892e-017
6.08106e-007
1.54725e-012
3.47356e-008
6.08106e-007
2.54437e-006
2.54437e-006
8.30181e-009
1.06459e-005
4.45436e-005
6.08106e-007
1.06459e-005
0.000779811
2.54437e-006
4.45436e-005
1.13336e-010
8.30181e-009
4.45436e-005
2.54437e-006
1.54725e-012
8.30181e-009
1.45337e-007
4.74208e-010
6.08106e-007
4.74208e-010
8.30181e-009
4.74208e-010
1.98413e-009
3.47356e-008
3.47356e-008
1.98413e-009
1.45337e-007
1.45337e-007
1.98413e-009
8.30181e-009
0.000186375
2.54437e-006
1.45337e-007
1.06459e-005
2.54437e-006
0.00326281
0.00326281
0.000186375
0.000186375
1.06459e-005
2.54437e-006
4.45436e-005
4.45436e-005
1.98413e-009
3.47356e-008
1.06459e-005
1.98413e-009
6.08106e-007
8.30181e-009
4.45436e-005
3.47356e-008
6.08106e-007
1.06459e-005
3.47356e-008
8.30181e-009
1.54725e-012
1.45337e-007
2.54437e-006
4.45436e-005
2.54437e-006
2.54437e-006
1.06459e-005
1.06459e-005
4.45436e-005
0.00326281
1.06459e-005
6.08106e-007
1.06459e-005
1
2.54437e-006
0.000186375
0.0136519
6.08106e-007
0.00326281
1.45337e-007
0.000186375
4.45436e-005
2.54437e-006
0.000779811
4.45436e-005
6.08106e-007
