4
7
4
3
3
5
5
5
8
5
8
11
1
2
5
3
1
7
5
6
9
2
5
11
11
1
6
6
9
19
5
1
2
6
6
11
12
11
9
10
9
11
7
6
11
22
19
15
19
17
15
9
3
1
4
1
3
10
11
12
16
13
6
7
6
11
10
12
2
9
9
6
11
13
14
14
7
12
17
8
8
12
3
8
13
16
9
3
4
7
8
9
1
18
26
9
8
5
6
8
13
10
8
4
9
8
11
6
3
3
8
5
13
11
15
19
16
24
10
20
16
16
23
19
18
22
22
21
23
16
13
12
23
17
16
19
27
24
23
16
9
10
22
13
15
11
18
7
17
14
13
18
15
18
9
18
15
11
24
17
10
27
20
21
15
10
4
8
21
15
11
12
13
23
15
16
26
14
17
18
13
12
7
18
21
13
10
15
9
9
19
10
14
13
13
17
13
20
9
15
15
10
17
18
17
17
13
16
18
21
28
14
19
13
20
30
16
7
14
20
24
17
16
11
15
15
11
9
32
24
15
21
13
22
14
18
22
12
34
78
73
23
11
17
20
18
11
25
23
15
17
22
21
10
5
13
17
13
24
21
19
17
26
17
20
20
25
19
36
13
5
16
17
15
16
10
20
18
11
17
7
7
14
11
8
17
8
12
10
13
17
16
10
6
23
31
17
23
22
16
19
21
8
11
6
6
8
8
19
14
11
12
7
3
14
25
23
12
16
10
14
15
17
20
10
10
11
0
23
26
21
16
22
18
15
16
20
20
16
23
