22
21
13
7
28
29
21
27
13
19
17
15
10
28
7
4
18
7
25
11
13
16
19
15
18
37
14
5
9
8
22
28
21
27
19
25
14
16
5
2
9
13
20
22
8
4
6
5
5
8
13
5
31
37
15
14
14
3
24
9
5
13
10
10
17
13
14
4
21
12
13
7
14
11
21
9
4
8
10
17
21
20
23
24
12
13
15
20
24
34
4
19
35
6
8
27
9
20
13
19
8
15
22
9
8
21
17
11
11
12
5
10
7
12
5
7
7
8
9
4
3
7
8
7
5
4
4
2
1
3
7
8
9
9
6
15
1
4
4
7
5
6
7
5
5
7
11
4
4
17
10
5
13
6
18
9
7
4
7
8
5
3
4
7
6
10
37
12
2
1
10
6
7
7
8
5
3
1
8
4
8
7
8
3
2
8
4
4
3
11
5
4
7
11
9
9
2
1
16
11
3
5
11
5
1
3
3
5
6
10
1
6
0
8
3
1
3
11
9
2
8
3
5
6
12
14
4
8
1
8
29
1
11
5
7
8
6
8
4
0
0
5
7
2
5
3
3
4
6
5
0
5
6
11
7
13
5
6
3
3
9
10
3
5
7
13
7
6
9
9
8
13
7
11
8
14
1
6
4
13
5
8
3
10
7
6
17
2
12
8
10
12
17
15
4
10
8
5
6
16
2
4
10
11
12
5
7
4
6
11
7
8
22
6
4
2
9
2
5
9
12
7
5
5
9
7
5
4
5
2
11
6
6
7
6
3
9
5
7
4
