1.53889e-010
1.8946e-009
2.8717e-007
4.3527e-005
6.69833e-015
4.38584e-011
1.24996e-011
5.39961e-010
5.39961e-010
4.38584e-011
4.38584e-011
1.53889e-010
1.90902e-015
1.01528e-012
0.0065975
0.0065975
3.56239e-012
8.18433e-008
1.24996e-011
2.33253e-008
1.8946e-009
5.39961e-010
5.39961e-010
1.8946e-009
1.8946e-009
6.69833e-015
1.8946e-009
1.24052e-005
2.33253e-008
1.00761e-006
1.01528e-012
1.53889e-010
6.64772e-009
8.24663e-014
6.64772e-009
8.24663e-014
1.8946e-009
2.33253e-008
8.18433e-008
3.53548e-006
6.64772e-009
4.38584e-011
1.8946e-009
8.24663e-014
1.8946e-009
0.000535882
3.53548e-006
1.00761e-006
1.24052e-005
4.38584e-011
3.53548e-006
1.00761e-006
3.56239e-012
1.8946e-009
4.3527e-005
4.3527e-005
3.53548e-006
4.38584e-011
2.33253e-008
3.56239e-012
0.000152726
2.33253e-008
1.00761e-006
8.18433e-008
6.64772e-009
5.39961e-010
4.38584e-011
3.53548e-006
1.53889e-010
4.38584e-011
1.01528e-012
4.38584e-011
5.39961e-010
3.56239e-012
1.8946e-009
0.000152726
1.24052e-005
0.000152726
1.53889e-010
8.24663e-014
2.35029e-014
2.8717e-007
2.89356e-013
5.39961e-010
2.8717e-007
1.53889e-010
1.53889e-010
3.56239e-012
1.53889e-010
1.53889e-010
3.53548e-006
2.89356e-013
6.64772e-009
2.8717e-007
3.53548e-006
2.89356e-013
8.18433e-008
8.24663e-014
1.24996e-011
6.69833e-015
1.53889e-010
1.8946e-009
1.01528e-012
2.89356e-013
2.33253e-008
6.64772e-009
8.18433e-008
1.24996e-011
3.56239e-012
2.8717e-007
1.24052e-005
3.53548e-006
5.39961e-010
1.24996e-011
4.3527e-005
6.64772e-009
8.18433e-008
1.00761e-006
1.8946e-009
2.33253e-008
3.53548e-006
2.33253e-008
1.00761e-006
2.8717e-007
2.8717e-007
2.33253e-008
8.18433e-008
5.39961e-010
8.18433e-008
2.33253e-008
0.000152726
1.00761e-006
8.18433e-008
6.64772e-009
1.8946e-009
1.8946e-009
0.0065975
3.53548e-006
4.3527e-005
3.53548e-006
1.24996e-011
3.53548e-006
8.18433e-008
6.64772e-009
8.18433e-008
1.24052e-005
8.18433e-008
2.33253e-008
0.000152726
1.00761e-006
4.38584e-011
2.33253e-008
2.33253e-008
1.8946e-009
3.56239e-012
4.3527e-005
1.53889e-010
4.3527e-005
1.8946e-009
0.000152726
3.53548e-006
1.00761e-006
1
1.24052e-005
2.33253e-008
1.8946e-009
2.33253e-008
2.33253e-008
0.000535882
0.081225
0.000152726
0.000152726
2.8717e-007
8.18433e-008
3.53548e-006
2.89356e-013
3.53548e-006
1.53889e-010
1.8946e-009
3.53548e-006
0.0065975
0.0065975
8.18433e-008
3.53548e-006
4.3527e-005
4.3527e-005
1.8946e-009
0.000152726
2.33253e-008
1.00761e-006
0.000535882
8.18433e-008
0.000535882
2.33253e-008
1.24052e-005
2.33253e-008
0.0065975
4.3527e-005
1.53889e-010
1.24996e-011
3.53548e-006
1.8946e-009
4.3527e-005
2.33253e-008
4.3527e-005
1.24052e-005
0.00188029
2.33253e-008
2.33253e-008
3.53548e-006
3.53548e-006
1.53889e-010
0.0065975
8.18433e-008
5.39961e-010
0.00188029
1.00761e-006
8.18433e-008
3.53548e-006
0.000152726
4.3527e-005
1.00761e-006
4.3527e-005
0.00188029
3.53548e-006
0.0065975
0.0065975
2.8717e-007
1.24052e-005
1.00761e-006
2.8717e-007
1.00761e-006
2.33253e-008
1.00761e-006
2.33253e-008
6.64772e-009
1.00761e-006
3.53548e-006
1.00761e-006
0.285
0.0231491
4.3527e-005
1.24996e-011
1.24052e-005
1.24996e-011
0.000535882
1.00761e-006
4.3527e-005
8.18433e-008
4.3527e-005
4.3527e-005
8.18433e-008
4.38584e-011
0.000152726
2.8717e-007
0.000152726
1.00761e-006
1.00761e-006
3.53548e-006
2.33253e-008
1.8946e-009
8.18433e-008
2.8717e-007
1.24052e-005
3.56239e-012
2.8717e-007
3.53548e-006
8.18433e-008
4.3527e-005
0.00188029
8.18433e-008
8.18433e-008
1.00761e-006
2.8717e-007
4.3527e-005
3.53548e-006
2.8717e-007
1.00761e-006
3.53548e-006
4.3527e-005
1.24052e-005
1.24052e-005
1.00761e-006
3.56239e-012
2.33253e-008
1.00761e-006
5.39961e-010
1.8946e-009
2.33253e-008
1.53889e-010
3.53548e-006
1.00761e-006
2.33253e-008
1.53889e-010
2.33253e-008
3.53548e-006
1.00761e-006
2.33253e-008
2.33253e-008
2.33253e-008
0.000152726
1.24996e-011
1.01528e-012
1.8946e-009
3.56239e-012
3.56239e-012
1.53889e-010
1.00761e-006
4.38584e-011
2.8717e-007
1.53889e-010
8.18433e-008
1.8946e-009
1.8946e-009
2.33253e-008
1.00761e-006
1.8946e-009
1.24996e-011
2.8717e-007
1.8946e-009
3.56239e-012
1.00761e-006
8.18433e-008
4.38584e-011
4.38584e-011
1.24996e-011
1.01528e-012
3.64437e-030
6.64772e-009
4.3527e-005
3.56239e-012
8.18433e-008
8.18433e-008
5.39961e-010
2.8717e-007
1.01528e-012
3.53548e-006
1.00761e-006
1.00761e-006
0.0231491
