0.0205708
0.0205708
0.000115946
0.000115946
8.70473e-006
0.0205708
0.0205708
0.00563641
0.0205708
0.00154438
0.075076
0.0205708
0.075076
0.000423159
0.000423159
0.0205708
0.000423159
0.00563641
0.274
0.075076
0.000423159
0.075076
0.00563641
0.075076
0.274
0.00563641
0.075076
0.0205708
0.0205708
0.0205708
0.075076
0.075076
6.53516e-007
0.075076
0.274
1
1
0.0205708
0.075076
1
0.075076
0.075076
2.38509e-006
0.000423159
1
0.075076
0.075076
0.274
0.075076
0.274
0.0205708
8.70473e-006
7.57722e-011
1.17021e-013
8.78545e-015
1.3568e-017
1.34434e-008
0.00154438
0.00563641
0.075076
0.0205708
0.00563641
0.274
0.0205708
1
0.0205708
0.0205708
0.075076
0.274
0.075076
0.274
0.075076
0.0205708
1
0.075076
1
0.075076
1
0.0205708
0.075076
0.274
0.0205708
0.075076
0.00154438
0.075076
0.274
0.00563641
0.274
0.00154438
0.274
0.075076
0.274
3.17691e-005
1
1
0.075076
0.075076
0.075076
0.075076
0.0205708
0.274
1
0.274
0.0205708
0.075076
0.274
0.00154438
0.0205708
0.075076
0.0205708
0.075076
0.274
1
0.075076
1
1
1
1
0.274
1
0.075076
1
1
1
0.0205708
0.274
0.274
1
1
1
1
0.075076
0.274
1
0.274
0.274
1
1
0.075076
0.0205708
0.075076
0.274
0.274
0.274
0.075076
0.274
1
0.274
0.00154438
1
0.075076
1
0.075076
0.0205708
0.274
0.0205708
0.274
1
0.075076
0.274
1
1
0.075076
0.075076
1
0.00563641
5.68868e-012
4.90634e-008
0.00154438
0.075076
0.274
0.274
1
0.075076
0.274
1
1
0.0205708
0.274
0.274
0.274
0.274
1
1
0.075076
1
1
0.0205708
1
0.075076
0.075076
1
1
1
0.274
1
0.274
0.274
1
1
1
1
1
1
1
1
0.075076
1
1
0.274
0.274
1
0.274
0.274
1
0.075076
0.274
0.000423159
0.00563641
0.274
0.075076
1
0.075076
0.075076
0.075076
0.0205708
0.00563641
0.0205708
1
1
0.075076
0.274
0.274
0.075076
1
1
0.274
0.274
1
1
1
1
0.075076
1
1
0.274
1
1
0.075076
0.075076
1
1
0.075076
0.0205708
0.274
0.000423159
0.075076
0.274
1
1
0.274
0.075076
0.075076
1
1
1
0.274
0.274
1
0.0205708
0.075076
0.075076
0.274
1
0.274
0.075076
1
0.075076
0.075076
0.0205708
0.274
0.274
0.274
0.274
0.274
0.075076
0.274
1
0.075076
0.0205708
0.075076
0.274
0.000423159
0.0205708
0.274
1
0.075076
0.075076
1
1
1
0.274
0.274
0.274
0.274
0.075076
0.274
0.274
0.274
1
1
0.274
0.000423159
0.000423159
0.274
0.075076
0.274
1
1
0.00563641
0.274
0.075076
1
1
1
0.0205708
1
1
1
1
0.274
0.274
0.274
1
0.274
1
1
0.274
0.274
1
