0.00212283
0.0248971
0.00212283
3.84233e-007
0.00726995
0.000181001
0.000619865
1.31587e-006
3.84233e-007
1.54328e-005
2.79335e-009
1.12196e-007
0.0248971
0.00212283
1.54328e-005
5.28522e-005
0.0248971
9.56627e-009
5.28522e-005
2.79335e-009
1.31587e-006
0.085264
1.54328e-005
1.7315e-012
3.27612e-008
0.000619865
1.54328e-005
9.56627e-009
0.000619865
6.95463e-011
5.28522e-005
0.000619865
0.292
0.000181001
1.31587e-006
0.000181001
5.28522e-005
8.15659e-010
1.7315e-012
6.95463e-011
3.27612e-008
0.000181001
0.00212283
0.00212283
3.84233e-007
5.67261e-020
5.05598e-013
4.31093e-014
3.13403e-016
1.47635e-013
3.67567e-015
7.80281e-018
0.0248971
0.00726995
0.00726995
0.085264
0.000181001
9.56627e-009
2.38172e-010
1.47635e-013
3.67567e-015
1.31587e-006
2.79335e-009
2.79335e-009
3.84233e-007
1.12196e-007
1.54328e-005
1.31587e-006
1.54328e-005
3.84233e-007
3.27612e-008
3.27612e-008
3.27612e-008
3.84233e-007
2.79335e-009
7.80281e-018
5.9298e-012
2.03075e-011
3.27612e-008
1.12196e-007
1.12196e-007
9.56627e-009
0.00726995
5.28522e-005
1.25879e-014
1.54328e-005
1.31587e-006
0.000181001
5.28522e-005
4.50639e-006
5.28522e-005
3.84233e-007
5.28522e-005
2.38172e-010
1.6564e-020
1.31587e-006
1.12196e-007
4.50639e-006
3.27612e-008
5.28522e-005
5.05598e-013
4.50639e-006
3.84233e-007
0.000181001
2.03075e-011
4.50639e-006
0.000619865
5.28522e-005
0.00726995
1.31587e-006
5.9298e-012
1.94267e-019
1.47635e-013
3.27612e-008
1.7315e-012
2.38172e-010
2.03075e-011
4.31093e-014
3.84233e-007
2.03075e-011
1.7315e-012
9.56627e-009
3.67567e-015
3.27612e-008
1.54328e-005
0.000619865
8.15659e-010
1.54328e-005
2.38172e-010
0.000619865
3.27612e-008
9.56627e-009
4.50639e-006
0.000619865
1.31587e-006
3.84233e-007
1.25879e-014
5.9298e-012
1.12196e-007
4.31093e-014
2.27842e-018
9.15136e-017
1.31587e-006
4.31093e-014
2.03075e-011
1.0733e-015
2.38172e-010
2.03075e-011
1.25879e-014
3.27612e-008
0.000619865
5.28522e-005
3.84233e-007
0.000181001
5.28522e-005
5.28522e-005
3.67567e-015
1.47635e-013
1.25879e-014
2.6722e-017
5.9298e-012
1.47635e-013
7.80281e-018
4.31093e-014
3.13403e-016
9.56627e-009
0.0248971
1.31587e-006
3.13403e-016
1.6564e-020
2.6722e-017
3.67567e-015
1.47635e-013
1.0733e-015
2.79335e-009
2.38172e-010
3.13403e-016
9.15136e-017
1.7315e-012
3.13403e-016
3.67567e-015
1.58456e-028
4.50639e-006
1.47635e-013
5.05598e-013
2.27842e-018
3.13403e-016
5.9298e-012
8.15659e-010
9.56627e-009
1.94267e-019
1.7315e-012
3.67567e-015
3.67567e-015
1.47635e-013
2.79335e-009
6.65299e-019
1.25879e-014
2.38172e-010
1.7315e-012
3.13403e-016
8.15659e-010
1.94267e-019
2.6722e-017
9.15136e-017
3.67567e-015
2.5563e-025
3.67567e-015
4.31093e-014
3.27612e-008
8.15659e-010
3.27612e-008
1.94267e-019
2.38172e-010
2.6722e-017
5.67261e-020
1.0733e-015
2.03075e-011
4.31093e-014
1.94267e-019
1.02675e-023
1.58456e-028
9.15136e-017
7.80281e-018
2.38172e-010
6.65299e-019
9.15136e-017
3.27612e-008
2.6722e-017
1.0733e-015
4.50639e-006
1.7315e-012
8.15659e-010
1.6564e-020
2.03075e-011
1.7315e-012
4.31093e-014
4.83669e-021
2.38172e-010
2.79335e-009
4.31093e-014
3.67567e-015
8.15659e-010
5.9298e-012
1.25879e-014
5.9298e-012
5.9298e-012
5.67261e-020
8.15659e-010
4.31093e-014
1.02675e-023
1.02675e-023
3.27612e-008
1.0733e-015
6.95463e-011
6.95463e-011
2.79335e-009
1.47635e-013
1.47635e-013
1.25879e-014
9.56627e-009
1.7315e-012
4.31093e-014
1.12196e-007
2.79335e-009
9.56627e-009
8.15659e-010
1.2042e-022
8.15659e-010
8.15659e-010
5.9298e-012
3.27612e-008
2.03075e-011
4.31093e-014
9.15136e-017
1.47635e-013
1.12196e-007
4.31093e-014
3.67567e-015
2.03075e-011
1.47635e-013
2.1796e-026
1.47635e-013
5.28522e-005
1.31587e-006
4.50639e-006
3.84233e-007
1.54328e-005
5.28522e-005
0.000619865
3.84233e-007
9.56627e-009
3.27612e-008
0.000181001
3.84233e-007
3.67567e-015
2.79335e-009
1.31587e-006
2.03075e-011
3.27612e-008
2.79335e-009
1.31587e-006
1.12196e-007
5.28522e-005
0.00212283
0.00212283
0.00726995
0.000619865
0.000619865
4.50639e-006
0.000619865
1.12196e-007
0.000619865
3.84233e-007
3.84233e-007
2.6722e-017
5.9298e-012
4.50639e-006
9.56627e-009
2.38172e-010
5.28522e-005
4.31093e-014
2.79335e-009
6.95463e-011
1.54328e-005
1.12196e-007
2.79335e-009
1
2.03075e-011
1.7315e-012
4.50639e-006
3.84233e-007
2.79335e-009
3.84233e-007
3.84233e-007
4.50639e-006
4.31093e-014
5.28522e-005
5.9298e-012
2.27842e-018
