10
20
11
10
8
7
10
9
11
13
11
11
17
7
9
15
8
14
5
13
13
13
9
9
17
12
18
11
10
7
11
8
15
8
14
10
13
10
13
11
13
13
11
10
10
8
7
13
13
17
6
13
10
6
7
10
7
10
8
1
9
9
1
13
11
7
13
20
6
12
7
14
9
10
8
12
8
8
10
11
9
13
7
12
7
12
8
8
8
4
13
9
7
13
7
8
10
9
9
8
7
11
10
13
10
12
12
9
10
16
10
9
9
13
9
13
12
6
12
12
12
9
13
8
16
15
11
17
8
21
13
12
13
8
12
10
12
9
14
13
11
15
10
14
10
14
11
10
12
2
20
13
13
16
16
18
11
16
8
11
9
9
14
10
9
9
9
15
9
11
6
11
8
11
10
13
8
11
7
10
10
9
15
13
10
10
10
12
10
14
13
11
12
14
10
3
9
7
8
5
13
10
9
10
19
8
8
9
11
5
13
8
10
7
3
13
7
9
10
21
6
8
13
11
6
9
11
14
7
6
20
14
15
7
9
11
6
8
11
0
1
7
8
9
8
12
16
8
15
15
8
8
7
9
10
11
13
11
10
6
10
12
13
13
6
9
15
11
14
14
8
15
17
8
8
9
8
11
7
5
12
3
15
13
11
12
11
15
13
19
12
16
8
11
17
7
15
14
9
11
15
15
14
17
22
14
17
18
15
14
19
14
9
10
10
11
8
8
13
16
11
15
13
9
11
10
10
0
14
7
14
12
17
13
15
12
12
13
7
11
