2.48832e-005
7.43008e-011
3.58318e-007
7.43008e-011
0.00020736
6.19174e-010
2.98598e-006
2.48832e-005
6.19174e-010
8.9161e-012
1.06993e-012
6.19174e-010
0.00020736
0.001728
3.58318e-007
3.58318e-007
0.001728
3.58318e-007
6.19174e-010
5.15978e-009
8.9161e-012
3.58318e-007
6.19174e-010
1.28392e-013
6.19174e-010
0.0144
4.29982e-008
4.29982e-008
1.28392e-013
7.94968e-023
2.48832e-005
4.29982e-008
2.98598e-006
6.19174e-010
3.58318e-007
3.58318e-007
1.06993e-012
8.9161e-012
5.15978e-009
1.06993e-012
1.28392e-013
7.43008e-011
5.15978e-009
2.48832e-005
1.84884e-015
9.53962e-024
7.94968e-023
3.83376e-019
1.84884e-015
7.43008e-011
2.21861e-016
6.19174e-010
1
1
1
0.12
0.12
4.29982e-008
1.06993e-012
7.43008e-011
1.84884e-015
1.28392e-013
8.9161e-012
5.15978e-009
7.43008e-011
1.28392e-013
5.15978e-009
1.28392e-013
3.58318e-007
3.58318e-007
7.43008e-011
4.29982e-008
5.15978e-009
2.66233e-017
3.1948e-018
2.21861e-016
1.5407e-014
7.94968e-023
1.5407e-014
3.58318e-007
2.48832e-005
1.06993e-012
7.43008e-011
3.58318e-007
1.5407e-014
1.5407e-014
1.28392e-013
2.48832e-005
3.58318e-007
4.29982e-008
1.5407e-014
1.28392e-013
4.29982e-008
2.66233e-017
9.53962e-024
4.29982e-008
4.29982e-008
2.48832e-005
2.98598e-006
2.98598e-006
2.66233e-017
1.28392e-013
4.29982e-008
3.58318e-007
1.84884e-015
8.9161e-012
1.28392e-013
5.15978e-009
5.15978e-009
3.58318e-007
4.29982e-008
8.9161e-012
7.43008e-011
1.06993e-012
4.60051e-020
2.21861e-016
1.28392e-013
1.64845e-026
1.5407e-014
2.21861e-016
4.60051e-020
5.52061e-021
7.94968e-023
7.94968e-023
9.53962e-024
1.37371e-025
2.66233e-017
1.5407e-014
7.94968e-023
3.83376e-019
1.64845e-026
3.83376e-019
1.64845e-026
9.53962e-024
6.62474e-022
9.53962e-024
3.41822e-030
1.64845e-026
3.41822e-030
1.5407e-014
5.15978e-009
1.06993e-012
3.1948e-018
1.06993e-012
7.94968e-023
1.5407e-014
2.21861e-016
1.06993e-012
5.52061e-021
6.62474e-022
8.9161e-012
4.60051e-020
4.60051e-020
5.52061e-021
1.5407e-014
1.84884e-015
1.06993e-012
1.06993e-012
4.60051e-020
5.52061e-021
1.28392e-013
1.14475e-024
9.53962e-024
3.1948e-018
1.84884e-015
1.06993e-012
2.98598e-006
7.43008e-011
5.52061e-021
1.37371e-025
2.21861e-016
3.83376e-019
1.84884e-015
3.1948e-018
5.52061e-021
3.1948e-018
1.97814e-027
1.5407e-014
2.66233e-017
4.60051e-020
1.06993e-012
8.9161e-012
5.15978e-009
1.5407e-014
3.1948e-018
1.5407e-014
1.28392e-013
3.83376e-019
7.43008e-011
1.28392e-013
2.21861e-016
1.84884e-015
3.1948e-018
3.1948e-018
2.66233e-017
3.1948e-018
1.84884e-015
9.53962e-024
1.28392e-013
2.66233e-017
1.84884e-015
1.06993e-012
3.1948e-018
3.1948e-018
2.66233e-017
3.83376e-019
3.1948e-018
7.94968e-023
3.1948e-018
6.62474e-022
9.53962e-024
7.94968e-023
1.14475e-024
3.1948e-018
3.1948e-018
7.94968e-023
6.62474e-022
2.98598e-006
2.21861e-016
6.62474e-022
2.37376e-028
2.21861e-016
2.21861e-016
2.21861e-016
6.62474e-022
3.83376e-019
1.84884e-015
6.62474e-022
4.92224e-032
1.37371e-025
2.21861e-016
2.21861e-016
1.28392e-013
2.66233e-017
1.28392e-013
2.66233e-017
9.53962e-024
7.43008e-011
8.50562e-035
1.50016e-072
5.024e-067
1.37371e-025
1.28392e-013
1.97814e-027
2.21861e-016
3.1948e-018
8.9161e-012
9.53962e-024
4.60051e-020
1.84884e-015
2.21861e-016
6.62474e-022
9.53962e-024
1.5407e-014
7.43008e-011
2.66233e-017
1.84884e-015
3.83376e-019
1.37371e-025
3.1948e-018
2.21861e-016
3.1948e-018
1.37371e-025
5.52061e-021
4.60051e-020
7.94968e-023
6.62474e-022
3.1948e-018
4.92224e-032
1.84884e-015
2.66233e-017
2.66233e-017
4.60051e-020
1.5407e-014
3.1948e-018
1.5407e-014
7.94968e-023
1.5407e-014
5.52061e-021
7.94968e-023
1.84884e-015
1.5407e-014
1.84884e-015
1.28392e-013
3.83376e-019
7.94968e-023
1.28392e-013
2.21861e-016
3.1948e-018
8.9161e-012
3.83376e-019
1.5407e-014
2.66233e-017
3.58318e-007
3.83376e-019
3.41822e-030
4.60051e-020
1.37371e-025
1.97814e-027
2.66233e-017
4.60051e-020
3.1948e-018
6.19174e-010
3.58318e-007
0.00020736
2.48832e-005
2.48832e-005
1.5407e-014
2.66233e-017
2.66233e-017
1.84884e-015
3.83376e-019
7.43008e-011
7.43008e-011
4.60051e-020
6.62474e-022
7.94968e-023
1.5407e-014
5.52061e-021
1.06993e-012
1.28392e-013
1.5407e-014
4.60051e-020
2.21861e-016
1.84884e-015
3.1948e-018
1.28392e-013
1
1.5407e-014
1.97814e-027
1.84884e-015
1.14475e-024
6.62474e-022
5.52061e-021
9.53962e-024
2.66233e-017
5.52061e-021
1.37371e-025
9.53962e-024
1.97814e-027
