11
15
10
7
18
19
12
12
14
18
13
11
16
16
2
7
11
5
14
15
12
14
13
8
13
19
16
4
12
12
17
13
12
21
11
19
11
15
6
7
14
13
15
16
14
9
10
12
6
13
6
11
16
8
6
9
3
14
14
11
5
15
11
14
9
14
16
7
12
19
21
17
13
19
17
8
6
8
11
16
14
10
16
17
9
13
13
17
8
11
10
20
22
10
10
16
7
21
9
20
21
14
16
22
14
16
10
18
19
10
5
10
8
15
5
10
7
8
13
10
10
13
13
11
12
8
9
10
11
14
15
16
11
18
18
20
6
10
12
5
14
9
10
12
15
9
14
7
10
13
16
12
13
15
25
11
12
11
10
5
11
8
5
9
9
15
14
18
8
2
11
8
8
8
11
21
10
20
10
12
4
2
11
3
6
5
9
8
7
9
5
12
8
11
6
11
6
8
17
19
12
16
6
10
7
7
8
13
9
10
5
15
8
11
10
2
10
6
12
7
7
8
8
9
10
6
4
21
6
9
14
7
17
5
9
10
13
7
11
1
3
10
18
11
17
5
7
4
11
4
5
9
24
14
10
7
5
14
9
10
12
9
11
15
19
11
12
9
6
4
13
15
12
7
7
10
8
6
13
6
14
10
12
20
13
10
14
12
16
14
15
10
12
15
14
7
16
18
15
12
15
14
14
9
10
11
10
9
12
14
16
12
14
15
12
6
11
17
12
15
13
8
13
18
19
15
20
53
7
11
14
19
13
16
19
17
9
14
16
11
