5.82061e-007
8.58284e-008
4.85987e-009
1.86619e-009
5.82061e-007
5.82061e-007
2.23511e-007
5.82061e-007
5.82061e-007
1.51578e-006
0.000181544
0.000181544
3.94735e-006
5.82061e-007
3.29581e-008
5.82061e-007
3.94735e-006
6.97128e-005
8.58284e-008
1.26559e-008
1.02796e-005
2.23511e-007
3.94735e-006
1.51578e-006
2.67697e-005
1.02796e-005
3.29581e-008
1.51578e-006
2.23511e-007
1.26559e-008
8.58284e-008
8.58284e-008
5.82061e-007
1.26559e-008
1.51578e-006
5.82061e-007
1.51578e-006
4.85987e-009
2.67697e-005
5.82061e-007
4.85987e-009
6.97128e-005
3.94735e-006
1.51578e-006
1.86619e-009
6.97128e-005
5.82061e-007
0.000181544
2.23511e-007
2.67697e-005
2.67697e-005
1.02796e-005
0.00834942
0.00320618
0.0566231
0.00123117
0.00047277
1.51578e-006
2.75181e-010
2.67697e-005
1.02796e-005
7.16617e-010
6.97128e-005
1.26559e-008
1.26559e-008
4.85987e-009
2.23511e-007
6.97128e-005
7.16617e-010
1.51578e-006
1.26559e-008
3.94735e-006
4.85987e-009
4.85987e-009
1.26559e-008
5.82061e-007
2.75181e-010
2.75181e-010
3.29581e-008
0.00320618
1.26559e-008
6.97128e-005
3.29581e-008
4.85987e-009
8.58284e-008
0.000181544
1.02796e-005
2.23511e-007
5.82061e-007
3.94735e-006
1.51578e-006
3.29581e-008
8.82278e-013
3.94735e-006
1.02796e-005
1.02796e-005
1.86619e-009
1.26559e-008
1.02796e-005
1.51578e-006
7.16617e-010
1.26559e-008
2.23511e-007
1.51578e-006
1.51578e-006
1.86619e-009
3.29581e-008
8.58284e-008
2.75181e-010
4.85987e-009
5.82061e-007
1.51578e-006
3.94735e-006
2.67697e-005
5.82061e-007
2.67697e-005
6.97128e-005
8.58284e-008
2.23511e-007
5.82061e-007
3.94735e-006
1.02796e-005
2.67697e-005
5.82061e-007
2.67697e-005
0.0566231
0.00834942
0.0217433
0.00047277
1.02796e-005
5.82061e-007
2.67697e-005
0.0217433
1.02796e-005
8.58284e-008
1.02796e-005
5.82061e-007
0.00320618
2.23511e-007
2.67697e-005
2.23511e-007
2.67697e-005
1.02796e-005
3.94735e-006
3.94735e-006
2.67697e-005
1.51578e-006
0.00320618
1.51578e-006
1.26559e-008
0.00123117
6.97128e-005
2.67697e-005
1.02796e-005
1.51578e-006
1.02796e-005
0.000181544
2.67697e-005
0.00047277
2.67697e-005
1.86619e-009
0.00047277
1.51578e-006
8.58284e-008
2.67697e-005
1.26559e-008
0.00123117
3.94735e-006
1.51578e-006
6.97128e-005
8.58284e-008
8.58284e-008
1.86619e-009
1.02796e-005
3.29581e-008
2.67697e-005
2.67697e-005
8.58284e-008
2.67697e-005
5.82061e-007
1.51578e-006
0.0217433
2.23511e-007
0.00834942
1.02796e-005
2.67697e-005
0.000181544
6.97128e-005
2.67697e-005
1.26559e-008
1.51578e-006
3.94735e-006
3.94735e-006
0.00123117
2.67697e-005
5.82061e-007
1.02796e-005
1.02796e-005
1.02796e-005
1.02796e-005
1.51578e-006
3.94735e-006
1.02796e-005
1.51578e-006
0.00047277
5.82061e-007
2.67697e-005
2.67697e-005
2.67697e-005
1.51578e-006
6.97128e-005
2.67697e-005
3.94735e-006
5.82061e-007
0.000181544
2.67697e-005
3.94735e-006
2.67697e-005
5.82061e-007
0.000181544
1.51578e-006
1.02796e-005
2.67697e-005
2.23511e-007
1.86619e-009
1.26559e-008
2.23511e-007
3.29581e-008
1.51578e-006
3.94735e-006
8.58284e-008
6.97128e-005
3.29581e-008
0.000181544
5.82061e-007
0.000181544
3.29581e-008
6.97128e-005
0.00047277
1
0.384
5.82061e-007
1.02796e-005
1.51578e-006
3.94735e-006
1.02796e-005
2.67697e-005
2.67697e-005
2.67697e-005
0.00123117
0.00047277
0.000181544
2.23511e-007
2.23511e-007
2.23511e-007
1.86619e-009
5.82061e-007
8.58284e-008
5.82061e-007
2.67697e-005
1.51578e-006
6.97128e-005
0.00834942
1.86619e-009
0.00047277
1.02796e-005
6.97128e-005
0.00047277
3.94735e-006
3.29581e-008
4.85987e-009
3.29581e-008
3.94735e-006
3.94735e-006
2.75181e-010
7.16617e-010
3.94735e-006
2.23511e-007
1.86619e-009
7.16617e-010
1.05669e-010
1.05669e-010
1.51578e-006
0.00047277
6.97128e-005
0.000181544
1.02796e-005
0.00047277
2.67697e-005
0.00047277
3.94735e-006
2.67697e-005
5.82061e-007
1.51578e-006
1.02796e-005
6.97128e-005
6.97128e-005
3.94735e-006
0.00047277
8.58284e-008
3.94735e-006
0.00834942
0.00047277
6.97128e-005
0.00123117
2.67697e-005
2.67697e-005
2.67697e-005
0.00834942
1.02796e-005
0.00320618
1.51578e-006
1.51578e-006
1.26559e-008
6.97128e-005
2.67697e-005
6.97128e-005
0.00123117
2.67697e-005
0.00047277
6.97128e-005
0.00047277
0.000181544
0.000181544
1.51578e-006
6.97128e-005
6.97128e-005
1
0.0217433
3.29581e-008
0.00320618
2.67697e-005
0.00123117
0.00123117
1.02796e-005
0.00834942
0.000181544
5.82061e-007
1.26559e-008
2.67697e-005
