0.000474552
0.000474552
1.75656e-008
1.75656e-008
1.06869e-010
0.000474552
0.000474552
3.70151e-005
0.000474552
2.88717e-006
0.006084
0.000474552
0.006084
2.252e-007
2.252e-007
0.000474552
2.252e-007
3.70151e-005
0.078
0.006084
2.252e-007
0.006084
3.70151e-005
0.006084
0.078
3.70151e-005
0.006084
0.000474552
0.000474552
0.000474552
0.006084
0.006084
6.50191e-013
0.006084
0.078
1
1
0.000474552
0.006084
1
0.006084
0.006084
8.33578e-012
2.252e-007
1
0.006084
0.006084
0.078
0.006084
0.078
0.000474552
1.06869e-010
1.1421e-020
3.29743e-026
2.00616e-028
5.79213e-034
3.08549e-016
2.88717e-006
3.70151e-005
0.006084
0.000474552
3.70151e-005
0.078
0.000474552
1
0.000474552
0.000474552
0.006084
0.078
0.006084
0.078
0.006084
0.000474552
1
0.006084
1
0.006084
1
0.000474552
0.006084
0.078
0.000474552
0.006084
2.88717e-006
0.006084
0.078
3.70151e-005
0.078
2.88717e-006
0.078
0.006084
0.078
1.37011e-009
1
1
0.006084
0.006084
0.006084
0.006084
0.000474552
0.078
1
0.078
0.000474552
0.006084
0.078
2.88717e-006
0.000474552
0.006084
0.000474552
0.006084
0.078
1
0.006084
1
1
1
1
0.078
1
0.006084
1
1
1
0.000474552
0.078
0.078
1
1
1
1
0.006084
0.078
1
0.078
0.078
1
1
0.006084
0.000474552
0.006084
0.078
0.078
0.078
0.006084
0.078
1
0.078
2.88717e-006
1
0.006084
1
0.006084
0.000474552
0.078
0.000474552
0.078
1
0.006084
0.078
1
1
0.006084
0.006084
1
3.70151e-005
6.94852e-023
3.95576e-015
2.88717e-006
0.006084
0.078
0.078
1
0.006084
0.078
1
1
0.000474552
0.078
0.078
0.078
0.078
1
1
0.006084
1
1
0.000474552
1
0.006084
0.006084
1
1
1
0.078
1
0.078
0.078
1
1
1
1
1
1
1
1
0.006084
1
1
0.078
0.078
1
0.078
0.078
1
0.006084
0.078
2.252e-007
3.70151e-005
0.078
0.006084
1
0.006084
0.006084
0.006084
0.000474552
3.70151e-005
0.000474552
1
1
0.006084
0.078
0.078
0.006084
1
1
0.078
0.078
1
1
1
1
0.006084
1
1
0.078
1
1
0.006084
0.006084
1
1
0.006084
0.000474552
0.078
2.252e-007
0.006084
0.078
1
1
0.078
0.006084
0.006084
1
1
1
0.078
0.078
1
0.000474552
0.006084
0.006084
0.078
1
0.078
0.006084
1
0.006084
0.006084
0.000474552
0.078
0.078
0.078
0.078
0.078
0.006084
0.078
1
0.006084
0.000474552
0.006084
0.078
2.252e-007
0.000474552
0.078
1
0.006084
0.006084
1
1
1
0.078
0.078
0.078
0.078
0.006084
0.078
0.078
0.078
1
1
0.078
2.252e-007
2.252e-007
0.078
0.006084
0.078
1
1
3.70151e-005
0.078
0.006084
1
1
1
0.000474552
1
1
1
1
0.078
0.078
0.078
1
0.078
1
1
0.078
0.078
1
