15
17
20
21
15
15
16
15
15
14
9
9
13
15
18
15
13
10
17
19
12
16
13
14
11
12
18
14
16
19
17
17
15
19
14
15
14
20
11
15
20
10
13
14
21
10
15
9
16
11
11
12
5
6
3
7
8
14
23
11
12
22
10
19
19
20
16
10
22
14
19
13
20
20
19
15
23
23
18
6
19
10
18
20
17
9
12
16
15
13
14
18
29
13
12
12
21
19
12
14
22
19
16
14
14
21
18
17
23
20
15
14
13
11
15
11
10
17
16
15
13
12
11
15
11
3
5
4
8
12
15
11
4
12
17
12
15
6
16
11
16
11
12
13
13
11
14
6
14
19
7
10
11
12
14
12
9
11
8
11
21
8
14
17
11
19
7
13
14
10
17
17
21
12
18
11
11
17
11
15
14
4
16
5
12
11
9
10
11
19
14
13
13
7
11
15
12
12
12
12
14
13
12
14
8
15
11
11
11
14
10
11
13
15
9
11
13
11
15
9
14
12
11
16
21
19
16
18
14
13
17
10
18
9
15
9
18
10
8
0
1
15
12
14
13
12
11
11
11
7
8
9
16
16
16
21
15
17
15
11
14
10
5
21
8
12
10
8
13
18
20
18
13
13
23
22
13
16
21
22
24
24
14
8
10
9
12
8
11
8
13
11
15
14
12
10
10
13
8
17
13
5
8
10
7
11
11
11
5
12
6
14
14
19
10
11
10
7
11
8
10
8
9
9
14
10
10
0
4
18
6
11
7
7
12
5
9
15
19
11
