2.67255e-015
6.68194e-020
3.12566e-012
2.67255e-015
9.13974e-014
6.25106e-010
2.67255e-015
1.82787e-011
9.13974e-014
4.57006e-016
2.28513e-018
5.34488e-013
1.67063e-024
1.82787e-011
1.06893e-010
5.34488e-013
4.57006e-016
1.33633e-017
5.34488e-013
3.12566e-012
4.57006e-016
1.33633e-017
9.13974e-014
7.81481e-017
2.67255e-015
2.67255e-015
4.57006e-016
1.5629e-014
9.13974e-014
3.65559e-009
5.34488e-013
4.57006e-016
1.33633e-017
3.12566e-012
4.57006e-016
2.13777e-008
2.67255e-015
3.65559e-009
2.67255e-015
9.13974e-014
2.67255e-015
2.67255e-015
3.12566e-012
9.13974e-014
9.13974e-014
7.31087e-007
3.65559e-009
1.5629e-014
1.06893e-010
5.34488e-013
6.25106e-010
1.82787e-011
6.25106e-010
1.06893e-010
0.000146211
1.25016e-007
6.25106e-010
1.06893e-010
3.65559e-009
2.13777e-008
2.13777e-008
1.25016e-007
7.31087e-007
1.06893e-010
1.33633e-017
1.06893e-010
3.12566e-012
6.68194e-020
9.13974e-014
2.13777e-008
3.65559e-009
9.13974e-014
3.65559e-009
1.5629e-014
3.65559e-009
3.12566e-012
1.5629e-014
2.67255e-015
3.12566e-012
1.5629e-014
9.13974e-014
9.13974e-014
1.33633e-017
2.13777e-008
6.25106e-010
5.34488e-013
1.5629e-014
1.82787e-011
7.81481e-017
1.06893e-010
4.57006e-016
5.34488e-013
4.27536e-006
3.12566e-012
2.50021e-005
1.82787e-011
5.34488e-013
6.25106e-010
4.57006e-016
6.25106e-010
1.25016e-007
1.5629e-014
5.34488e-013
5.34488e-013
9.13974e-014
3.12566e-012
1.5629e-014
1.82787e-011
1.5629e-014
1.33633e-017
1.82787e-011
9.13974e-014
3.12566e-012
4.57006e-016
2.67255e-015
3.12566e-012
9.13974e-014
6.25106e-010
4.57006e-016
1.82787e-011
5.34488e-013
9.13974e-014
3.65559e-009
1.82787e-011
2.28513e-018
1.14261e-020
3.65559e-009
2.67255e-015
3.65559e-009
6.68194e-020
4.57006e-016
1.82787e-011
4.57006e-016
1.82787e-011
5.34488e-013
6.25106e-010
5.34488e-013
6.25106e-010
4.57006e-016
5.34488e-013
1.5629e-014
1.5629e-014
2.13777e-008
9.13974e-014
9.13974e-014
1.5629e-014
2.13777e-008
1.33633e-017
1.82787e-011
2.13777e-008
1.33633e-017
1.5629e-014
2.67255e-015
1.33633e-017
9.13974e-014
1.06893e-010
3.12566e-012
5.34488e-013
2.13777e-008
1.5629e-014
6.25106e-010
3.65559e-009
1.82787e-011
7.31087e-007
3.12566e-012
1.06893e-010
3.65559e-009
1.82787e-011
1.25016e-007
1.33633e-017
7.31087e-007
2.67255e-015
1.82787e-011
6.25106e-010
9.13974e-014
1.5629e-014
2.13777e-008
3.65559e-009
1.06893e-010
3.65559e-009
3.65559e-009
2.13777e-008
2.67255e-015
9.13974e-014
3.65559e-009
3.12566e-012
4.57006e-016
5.34488e-013
2.67255e-015
7.81481e-017
6.25106e-010
1.5629e-014
5.34488e-013
1.33633e-017
1.5629e-014
1.25016e-007
2.13777e-008
3.65559e-009
3.12566e-012
7.31087e-007
6.25106e-010
1.06893e-010
1.82787e-011
1.82787e-011
7.81481e-017
1.82787e-011
3.65559e-009
9.13974e-014
9.13974e-014
4.27536e-006
5.34488e-013
4.57006e-016
1.82787e-011
3.12566e-012
7.31087e-007
2.13777e-008
3.12566e-012
5.34488e-013
3.65559e-009
3.90757e-019
6.25106e-010
3.65559e-009
3.12566e-012
6.25106e-010
1.82787e-011
6.25106e-010
9.13974e-014
1.5629e-014
6.25106e-010
3.65559e-009
4.57006e-016
1.82787e-011
1.06893e-010
2.13777e-008
1.06893e-010
5.34488e-013
4.27536e-006
3.65559e-009
1.06893e-010
1
0.171
7.31087e-007
1.06893e-010
2.67255e-015
1.25016e-007
1.06893e-010
1.33633e-017
3.65559e-009
5.34488e-013
2.67255e-015
6.25106e-010
6.25106e-010
2.50021e-005
7.31087e-007
9.13974e-014
5.34488e-013
1.5629e-014
3.12566e-012
1.82787e-011
7.31087e-007
1.06893e-010
9.13974e-014
3.12566e-012
6.25106e-010
2.13777e-008
1.82787e-011
2.13777e-008
3.12566e-012
1.82787e-011
2.67255e-015
4.57006e-016
5.34488e-013
2.67255e-015
1.06893e-010
6.25106e-010
1.82787e-011
5.34488e-013
1.06893e-010
3.12566e-012
1.82787e-011
5.34488e-013
2.13777e-008
5.34488e-013
9.13974e-014
3.90757e-019
4.57006e-016
4.57006e-016
6.68194e-020
2.67255e-015
1.33633e-017
2.13777e-008
5.34488e-013
1.5629e-014
3.12566e-012
1.82787e-011
3.65559e-009
3.12566e-012
1.82787e-011
1.82787e-011
3.12566e-012
2.13777e-008
1.5629e-014
3.90757e-019
4.57006e-016
1.67063e-024
3.90757e-019
7.81481e-017
1.95387e-021
1.33633e-017
5.34488e-013
1.14261e-020
1.33633e-017
5.34488e-013
1.5629e-014
2.67255e-015
1.82787e-011
1.82787e-011
3.12566e-012
1.5629e-014
4.57006e-016
2.67255e-015
2.67255e-015
5.34488e-013
7.31087e-007
5.34488e-013
3.90757e-019
5.34488e-013
1
1.82787e-011
4.27536e-006
9.13974e-014
5.34488e-013
9.13974e-014
2.67255e-015
1.5629e-014
2.67255e-015
1.82787e-011
9.13974e-014
3.65559e-009
1.25016e-007
